tree
version=v4
num_class=1
num_tree_per_iteration=1
label_index=0
max_feature_idx=2
objective=binary sigmoid:1
feature_names=distance_km stock_ratio remaining_stock
feature_infos=[0.72928513872784151:49.986024827663464] [0.098113386575533382:43.067258651614914] [-12.598775620292251:47.51858754346074]
tree_sizes=945 861 960 962 964 964 861 861 968 966 969 968 971 970 864 868 865 867 970 967 968 969 973 870 870 974 871 868 874 876 872 869 879 879 770 771 879 866 878 771 767 779 766 872 877 879 970 873 882 971 780 870 881 785 876 782 770 868 668 872 873 773 670 865 872 877 773 979 667 869 878 976 774 668 877 976 774 874 974 974 870 668 774 775 667 872 872 878 871 866 670 775 972 869 872 875 767 875 968 872

Tree=0
num_leaves=8
num_cat=0
split_feature=2 2 1 1 0 2 0
split_gain=705.049 22.9434 16.4227 9.12583 3.65443 2.07525 1.13687e-13
threshold=7.676911488645346 2.3926662136084547 2.3779024784430014 2.452869905613658 28.67040763311801 11.201014829670813 13.267150255312364
decision_type=2 2 2 2 2 2 2
left_child=1 6 4 -3 -2 -4 -1
right_child=2 3 5 -5 -6 -7 -8
leaf_value=0.47753865584971472 0.87541795942914669 0.57215340690922845 0.87024552848261405 0.73466815578792266 0.78921077698693642 0.93385860756600603 0.47753865584971472
leaf_weight=11.764499992132185 10.053299993276598 17.967599987983707 5.3474999964237204 4.2779999971389762 9.6254999935626966 125.13149991631508 29.732099980115891
leaf_count=55 47 84 25 20 45 585 139
internal_value=0.800119 0.521466 0.918408 0.603406 0.833251 0.931252 0.477539
internal_weight=213.9 63.7422 150.158 22.2456 19.6788 130.479 41.4966
internal_count=1000 298 702 104 92 610 194
is_linear=0
shrinkage=1


Tree=1
num_leaves=7
num_cat=0
split_feature=2 1 2 0 2 2
split_gain=542.611 15.0198 14.4533 7.96931 3.40651 1.94664
threshold=7.676911488645346 2.3779024784430014 2.3926662136084547 18.312124367617702 9.8235510644566002 11.201014829670813
decision_type=2 2 2 2 2 2
left_child=2 4 -1 -4 -2 -3
right_child=1 5 3 -5 -6 -7
leaf_value=-0.26121017314261791 -0.042356431288323754 0.064983334067439655 -0.094795074085275502 -0.21282082535151933 0.054418141756845007 0.12748756083981005
leaf_weight=45.83676940202713 4.8468485623598125 5.2014570683240882 9.6048231571912783 14.147821918129919 14.576376870274542 118.48480761051178
leaf_count=194 23 25 42 62 69 585
internal_value=0.000643161 0.112021 -0.228404 -0.165095 0.0302691 0.124859
internal_weight=212.699 143.109 69.5894 23.7526 19.4232 123.686
internal_count=1000 702 298 104 92 610
is_linear=0
shrinkage=0.1


Tree=2
num_leaves=8
num_cat=0
split_feature=2 1 1 0 2 0 0
split_gain=435.571 18.8165 11.7109 5.73318 5.5653 3.57996 1.22617
threshold=8.4725637454298948 1.7124536570183038 2.3779024784430014 4.1777335614930653 6.5196151722428173 26.303136283725298 21.028729745101057
decision_type=2 2 2 2 2 2 2
left_child=1 3 5 -1 -3 -2 -4
right_child=2 4 6 -5 -6 -7 -8
leaf_value=-0.12025903165461869 0.086110736013768396 -0.14125816249262044 0.13272301378272661 -0.22461590947288967 -0.011770558145876841 -0.0055665678004051533 0.11197475420783112
leaf_weight=5.8113731741905204 7.3705190420150783 7.5547586381435377 50.295440644025803 55.938138052821159 5.920265331864357 10.091212213039396 65.676520317792892
leaf_count=24 36 32 263 228 26 48 343
internal_value=0.000995216 -0.191431 0.109477 -0.214795 -0.0843677 0.03313 0.120973
internal_weight=208.658 75.2245 133.434 61.7495 13.475 17.4617 115.972
internal_count=1000 310 690 252 58 84 606
is_linear=0
shrinkage=0.1


Tree=3
num_leaves=8
num_cat=0
split_feature=2 1 1 0 0 0 0
split_gain=356.895 14.9905 10.947 5.31156 4.55711 3.06054 1.21472
threshold=8.4725637454298948 1.7124536570183038 2.3779024784430014 19.033070136436205 4.1777335614930653 26.303136283725298 21.028729745101057
decision_type=2 2 2 2 2 2 2
left_child=1 4 5 -3 -1 -2 -4
right_child=2 3 6 -5 -6 -7 -8
leaf_value=-0.10638315094789613 0.080674351911315806 0.012037538733704521 0.12827017384943976 -0.11930706146877904 -0.19866927203159648 -0.0049982384537945032 0.10696004744040699
leaf_weight=5.9066729098558417 7.0950769186019924 4.6707864105701438 47.006615743041039 9.0339867174625379 56.854485124349594 10.113533064723013 62.068181380629539
leaf_count=24 36 20 263 38 228 48 343
internal_value=0.00120839 -0.169294 0.104449 -0.0745429 -0.189984 0.0303244 0.116144
internal_weight=202.749 76.4659 126.283 13.7048 62.7612 17.2086 109.075
internal_count=1000 310 690 58 252 84 606
is_linear=0
shrinkage=0.1


Tree=4
num_leaves=8
num_cat=0
split_feature=2 1 1 2 0 0 0
split_gain=296.783 12.6756 10.2798 4.44368 3.90358 2.61672 1.22327
threshold=8.4725637454298948 1.7124536570183038 2.3779024784430014 6.5196151722428173 4.1777335614930653 26.303136283725298 21.028729745101057
decision_type=2 2 2 2 2 2 2
left_child=1 4 5 -3 -1 -2 -4
right_child=2 3 6 -5 -6 -7 -8
leaf_value=-0.094883693968715238 0.075601278924792514 -0.11603671252095533 0.1244539663988834 -0.0019227353945349039 -0.17999428480764931 -0.0044890548073808819 0.10235467263541849
leaf_weight=5.9571471214294425 6.8282324075698879 7.8134099245071393 43.769783973693848 6.058387354016304 56.488022789359093 10.133504390716551 58.557881936430931
leaf_count=24 36 32 263 26 228 48 343
internal_value=0.00133268 -0.152667 0.0998557 -0.0661984 -0.171875 0.0277527 0.111807
internal_weight=195.606 76.317 119.289 13.8718 62.4452 16.9617 102.328
internal_count=1000 310 690 58 252 84 606
is_linear=0
shrinkage=0.1


Tree=5
num_leaves=8
num_cat=0
split_feature=2 2 1 0 2 0 0
split_gain=249.366 11.1146 9.68279 4.94842 2.59971 1.24667 0.0918848
threshold=8.4725637454298948 2.3926662136084547 2.3779024784430014 12.519656692196049 13.365663469524586 21.028729745101057 5.0709498180302015
decision_type=2 2 2 2 2 2 2
left_child=1 6 4 -3 -2 -4 -1
right_child=2 3 5 -5 -6 -7 -8
leaf_value=-0.1824511406690246 -0.0054643321821900891 -0.023861208386189495 0.12114876089604248 -0.11652780567065978 0.075771160789272762 0.098067183268880476 -0.1680148169888534
leaf_weight=4.9271184206008902 10.371855035424234 8.05268841981888 40.629053935408592 20.263420015573502 6.352060303092002 55.182401701807976 41.918996259570122
leaf_count=20 52 33 263 83 32 343 174
internal_value=0.00140119 -0.139636 0.0955999 -0.0901748 0.0253904 0.107855 -0.169533
internal_weight=187.698 75.1622 112.535 28.3161 16.7239 95.8115 46.8461
internal_count=1000 310 690 116 84 606 194
is_linear=0
shrinkage=0.1


Tree=6
num_leaves=7
num_cat=0
split_feature=2 2 1 2 0 0
split_gain=211.478 10.9283 9.71435 3.55232 2.21132 1.26818
threshold=7.4806416948418786 11.713264109130998 2.452869905613658 5.9703909900106131 24.958343551407566 29.384435688770569
decision_type=2 2 2 2 2 2
left_child=2 5 3 -1 -3 -2
right_child=1 4 -4 -5 -6 -7
leaf_value=-0.15284495185292363 0.036737342013217877 0.11710781217330513 0.00073126952404077626 -0.074260682374457529 0.086352158304969673 -0.019761368832116245
leaf_weight=58.398812130093575 8.9985761344432849 44.489809036254883 4.9140710383653632 6.3808055669069281 49.2643091827631 7.1134297251701346
leaf_count=248 49 306 20 26 316 35
internal_value=0.00143675 0.0878724 -0.134822 -0.145104 0.100947 0.0117932
internal_weight=179.56 109.866 69.6937 64.7796 93.7541 16.112
internal_count=1000 706 294 274 622 84
is_linear=0
shrinkage=0.1


Tree=7
num_leaves=7
num_cat=0
split_feature=2 2 1 2 0 0
split_gain=179.626 10.2505 8.4562 3.32923 2.60185 1.7557
threshold=7.4806416948418786 12.947350739168449 2.452869905613658 5.9703909900106131 7.8194711648832351 21.496728843596721
decision_type=2 2 2 2 2 2
left_child=2 4 3 -1 -2 -3
right_child=1 5 -4 -5 -6 -7
leaf_value=-0.14335212407152115 0.10072950884721864 0.11612527488191796 0.00065818945161587002 -0.067030285537745718 0.0036011365554166636 0.086853631010515922
leaf_weight=56.154428407549858 3.30316233634949 35.61175411939621 4.9137264639139167 6.3630120158195487 16.709726303815842 48.257922664284706
leaf_count=248 20 267 20 26 88 331
internal_value=0.00143925 0.0839381 -0.125656 -0.135584 0.0196323 0.0992826
internal_weight=171.314 103.883 67.4312 62.5174 20.0129 83.8697
internal_count=1000 706 294 274 108 598
is_linear=0
shrinkage=0.1


Tree=8
num_leaves=8
num_cat=0
split_feature=2 2 1 0 0 0 0
split_gain=153.541 9.98857 9.2415 4.63498 2.1647 1.30974 0.0279297
threshold=8.4725637454298948 2.3926662136084547 2.3779024784430014 12.519656692196049 26.303136283725298 21.028729745101057 5.0709498180302015
decision_type=2 2 2 2 2 2 2
left_child=1 6 4 -3 -2 -4 -1
right_child=2 3 5 -5 -6 -7 -8
leaf_value=-0.15128147656523305 0.061093924456050046 -0.0015967252497229717 0.11356060900970155 -0.09204323864378966 -0.015282798787789088 0.087332399622903401 -0.14288797373210924
leaf_weight=4.4472215473651877 6.0194209963083258 7.9573518186807659 32.165795274078846 19.674741521477699 9.6759171187877637 46.653992623090744 36.517200216650963
leaf_count=20 36 33 263 83 48 343 174
internal_value=0.00142702 -0.112459 0.0840823 -0.0659969 0.0140089 0.0980359 -0.143799
internal_weight=163.112 68.5965 94.5151 27.6321 15.6953 78.8198 40.9644
internal_count=1000 310 690 116 84 606 194
is_linear=0
shrinkage=0.1


Tree=9
num_leaves=8
num_cat=0
split_feature=2 2 2 0 0 1 0
split_gain=132.009 11.3196 5.3871 5.6593 2.37256 2.03306 0.0181045
threshold=6.8725575488722734 11.713264109130998 2.3926662136084547 35.315251252311249 21.496728843596721 2.7111912911888072 5.0709498180302015
decision_type=2 2 2 2 2 2 2
left_child=2 5 6 -4 -3 -2 -1
right_child=1 4 3 -5 -6 -7 -8
leaf_value=-0.14412896178400211 -0.016519209237632695 0.11207419270194691 -0.044128248688736611 -0.16381489448489578 0.076379656290139444 0.058412482522764833 -0.13718324058912715
leaf_weight=4.2131479829549781 13.484852097928526 31.247485980391502 15.441587656736376 5.3089502155780783 46.085160002112389 4.9501284286379805 34.343963921070099
leaf_count=20 67 274 65 23 348 29 174
internal_value=0.00140994 0.0740166 -0.115832 -0.0747496 0.0908026 0.00360132 -0.137942
internal_weight=155.075 95.7676 59.3076 20.7505 77.3326 18.435 38.5571
internal_count=1000 718 282 88 622 96 194
is_linear=0
shrinkage=0.1


Tree=10
num_leaves=8
num_cat=0
split_feature=2 2 1 1 0 0 0
split_gain=113.756 11.1607 5.92924 4.70349 4.02131 1.22364 0.0119609
threshold=9.6393297731719301 2.3926662136084547 2.3779024784430014 2.7592283178000123 26.303136283725298 21.028729745101057 5.0709498180302015
decision_type=2 2 2 2 2 2 2
left_child=1 6 4 -3 -2 -4 -1
right_child=2 3 5 -5 -6 -7 -8
leaf_value=-0.13824216571945988 0.099892545481864645 -0.069636844450566934 0.10959192225692577 0.031409009374395093 -0.018487481913625668 0.082114124434051305 -0.13242147196238935
leaf_weight=3.9660134464502326 4.2326670885086051 24.789972975850109 26.900458335876465 5.6580379605293265 8.9101204723119718 40.7674830108881 32.134692713618279
leaf_count=20 28 110 260 26 45 337 174
internal_value=0.00136788 -0.0954515 0.0810999 -0.0508599 0.0196371 0.0930375 -0.133061
internal_weight=147.359 66.5487 80.8107 30.448 13.1428 67.6679 36.1007
internal_count=1000 330 670 136 73 597 194
is_linear=0
shrinkage=0.1


Tree=11
num_leaves=8
num_cat=0
split_feature=2 2 2 0 1 0 0
split_gain=98.0933 9.56412 5.31202 5.05173 2.38943 1.95037 0.00802606
threshold=6.8725575488722734 12.947350739168449 2.3926662136084547 35.315251252311249 2.7111912911888072 21.496728843596721 5.0709498180302015
decision_type=2 2 2 2 2 2 2
left_child=2 4 6 -4 -2 -3 -1
right_child=1 5 3 -5 -6 -7 -8
leaf_value=-0.13333290655152316 -0.010195822025325731 0.10824676889028087 -0.035300960869820944 -0.15155041510272024 0.064265145432893619 0.072697233766740019 -0.1284041965664183
leaf_weight=3.713810682296752 15.799696765840055 25.629269897937775 15.148271411657335 4.9628528803586951 5.9260128289461127 38.791918501257896 29.938947036862373
leaf_count=20 80 267 65 23 40 331 174
internal_value=0.00134204 0.0674905 -0.104649 -0.063988 0.0101145 0.0868402 -0.128948
internal_weight=139.911 86.1469 53.7639 20.1111 21.7257 64.4212 33.6528
internal_count=1000 718 282 88 120 598 194
is_linear=0
shrinkage=0.1


Tree=12
num_leaves=8
num_cat=0
split_feature=2 2 1 0 0 0 0
split_gain=84.4146 10.3757 5.39489 3.96031 3.49963 1.31961 0.00545587
threshold=9.6393297731719301 2.3926662136084547 2.3779024784430014 6.2906351641152574 26.303136283725298 21.028729745101057 5.0709498180302015
decision_type=2 2 2 2 2 2 2
left_child=1 6 4 -3 -2 -4 -1
right_child=2 3 5 -5 -6 -7 -8
leaf_value=-0.12919421784129839 0.095067652825292587 0.043282950396620591 0.10636083463728936 -0.058383478469413302 -0.018888605528252521 0.075647200995309319 -0.12498465528060186
leaf_weight=3.4624297022819546 3.870289981365203 4.5171473398804691 22.723765812814236 25.244583390653133 8.8738674372434598 36.392376333475113 27.792533352971077
leaf_count=20 28 20 260 116 45 337 174
internal_value=0.00128621 -0.0852114 0.0747315 -0.0429528 0.0157189 0.0874533 -0.125451
internal_weight=132.877 61.0167 71.8603 29.7617 12.7442 59.1161 31.255
internal_count=1000 330 670 136 73 597 194
is_linear=0
shrinkage=0.1


Tree=13
num_leaves=8
num_cat=0
split_feature=2 2 2 0 0 1 0
split_gain=73.546 7.86569 5.22407 4.50466 2.05321 1.90666 0.00374928
threshold=6.8725575488722734 12.947350739168449 2.3926662136084547 35.315251252311249 21.496728843596721 2.7111912911888072 5.0709498180302015
decision_type=2 2 2 2 2 2 2
left_child=2 5 6 -4 -3 -2 -1
right_child=1 4 3 -5 -6 -7 -8
leaf_value=-0.12567339013707476 -0.0081502845885258381 0.10519549417483615 -0.028868621484090386 -0.14220913727013379 0.065974528388546769 0.059802165360566518 -0.12205187577648419
leaf_weight=3.2161443233490017 15.729959085583689 21.595133766531944 14.925072178244593 4.5835438668727866 34.94781132042408 5.5988901928067198 25.72067953646183
leaf_count=20 80 267 65 23 331 40 174
internal_value=0.00124978 0.0614343 -0.0954915 -0.0554979 0.080954 0.00968745 -0.122454
internal_weight=126.317 77.8718 48.4454 19.5086 56.5429 21.3288 28.9368
internal_count=1000 718 282 88 598 120 194
is_linear=0
shrinkage=0.1


Tree=14
num_leaves=7
num_cat=0
split_feature=2 2 1 0 0 0
split_gain=63.4851 8.08605 6.90861 3.80251 2.93127 2.8672
threshold=6.5196151722428173 12.947350739168449 2.6022749958749309 4.1777335614930653 19.921056524928606 1.0818259565665767
decision_type=2 2 2 2 2 2
left_child=2 4 3 -1 -2 -3
right_child=1 5 -4 -5 -6 -7
leaf_value=-0.018926167247247751 0.063196272416342014 -0.23507991428069874 0.046707450109403616 -0.11634375077701674 -0.015621945517312975 0.079684456206860238
leaf_weight=4.5044500529766074 6.6197407618165043 0.2909887433052053 3.2137364447116843 36.265663534402847 16.428759016096592 52.748992003500462
leaf_count=23 42 4 13 238 86 594
internal_value=0.00118373 0.056468 -0.0944535 -0.105581 0.00701537 0.0779576
internal_weight=120.072 76.0885 43.9839 40.7701 23.0485 53.04
internal_count=1000 726 274 261 128 598
is_linear=0
shrinkage=0.1


Tree=15
num_leaves=7
num_cat=0
split_feature=2 2 1 0 0 0
split_gain=54.6392 7.38424 6.11355 2.82789 2.67972 2.13826
threshold=6.5196151722428173 11.713264109130998 2.6022749958749309 21.496728843596721 4.664107584973646 19.921056524928606
decision_type=2 2 2 2 2 2
left_child=2 5 4 -3 -1 -2
right_child=1 3 -4 -5 -6 -7
leaf_value=-0.034702138759106847 0.052182020179994862 0.10323240753153468 0.042059062625287275 0.055273559514788566 -0.11203993916201777 -0.020510084794313002
leaf_weight=5.1816350966691962 5.7216079905629185 19.276898227632046 3.2120883762836447 33.945431873202324 33.100926652550697 13.822240725159643
leaf_count=27 35 274 13 348 234 69
internal_value=0.00112036 0.0533401 -0.0904536 0.072644 -0.101572 0.000771073
internal_weight=114.261 72.7662 41.4947 53.2223 38.2826 19.5438
internal_count=1000 726 274 622 261 104
is_linear=0
shrinkage=0.1


Tree=16
num_leaves=7
num_cat=0
split_feature=2 1 1 0 0 2
split_gain=47.0173 6.84256 5.42072 4.18061 2.45929 2.15285
threshold=6.5196151722428173 2.7111912911888072 2.6022749958749309 19.921056524928606 4.7287404235945214 8.4725637454298948
decision_type=2 2 2 2 2 2
left_child=2 3 4 -2 -1 -3
right_child=1 5 -4 -5 -6 -7
leaf_value=-0.03514202358370911 0.073033467233094604 -0.02752827765208174 0.037907383501393138 -0.019370697537027762 -0.10869814147107615 0.077724714916149115
leaf_weight=5.3387088626623145 6.8584116995334652 2.0338691174983969 3.2077109217643729 17.113074038177729 30.589006885886192 43.649143371731043
leaf_count=29 55 9 13 99 232 563
internal_value=0.00105749 0.0503346 -0.0866475 0.00706679 -0.097768 0.0730387
internal_weight=108.79 69.6545 39.1354 23.9715 35.9277 45.683
internal_count=1000 726 274 154 261 572
is_linear=0
shrinkage=0.1


Tree=17
num_leaves=7
num_cat=0
split_feature=2 2 1 0 0 0
split_gain=40.9314 7.07495 5.24622 2.86718 2.55526 1.83174
threshold=5.9703909900106131 12.947350739168449 2.6022749958749309 12.519656692196049 1.0818259565665767 4.7287404235945214
decision_type=2 2 2 2 2 2
left_child=2 3 5 -2 -3 -1
right_child=1 4 -4 -5 -6 -7
leaf_value=-0.044805780351843731 0.07533063640269641 -0.21936411687205437 0.034187097799002066 -0.013441390124423858 0.071322009182347143 -0.11072039554855291
leaf_weight=5.0175270587205913 4.4364702776074436 0.30449089407920737 3.201428458094596 20.223705172538757 44.101991713047028 26.391640901565552
leaf_count=28 31 4 13 109 594 221
internal_value=0.000998832 0.045478 -0.087761 0.00252907 0.0693288 -0.100191
internal_weight=103.677 69.0667 34.6106 24.6602 44.4065 31.4092
internal_count=1000 738 262 140 598 249
is_linear=0
shrinkage=0.1


Tree=18
num_leaves=8
num_cat=0
split_feature=1 1 2 1 2 1 0
split_gain=35.3708 8.03193 4.54078 2.48306 2.14221 1.69978 0.00868863
threshold=1.5879456865536701 2.7502448985399899 6.1782323002137156 1.2395911376607873 4.5157636587521903 2.9653074721955837 7.4740858225254225
decision_type=2 2 2 2 2 2 2
left_child=3 2 -2 6 -5 -3 -1
right_child=1 5 -4 4 -6 -7 -8
leaf_value=-0.11821560679081507 -0.097745254688301086 0.12908874128514683 0.013919536222934343 -0.0032409729411488407 -0.10256178061997956 0.059319472931047758 -0.11281609627521574
leaf_weight=3.676403194665915 4.3163567483425167 3.831359449774026 23.29707995429635 4.6513163000345212 4.0734078884124756 39.415632970631123 15.736850224435328
leaf_count=30 24 44 156 31 21 536 158
internal_value=0.000931854 0.0385981 -0.00353519 -0.0939239 -0.049612 0.0655005 -0.113839
internal_weight=98.9984 70.8604 27.6134 28.138 8.72472 43.247 19.4133
internal_count=1000 760 180 240 52 580 188
is_linear=0
shrinkage=0.1


Tree=19
num_leaves=8
num_cat=0
split_feature=2 2 0 0 1 0 0
split_gain=30.9278 8.64957 4.42052 3.6682 2.77676 1.26798 0.0071347
threshold=9.8235510644566002 2.3926662136084547 5.5714319510443255 21.028729745101057 7.1410188059785185 3.7720714431794646 5.0709498180302015
decision_type=2 2 2 2 2 2 2
left_child=1 6 -3 5 -5 -2 -1
right_child=3 2 -4 4 -6 -7 -8
leaf_value=-0.11707218871582262 0.031046753404011682 0.075642552545189742 -0.03933586637658687 0.022044625376812857 0.093950581247687182 0.10721822287145188 -0.11122176274683955
leaf_weight=2.4025707468390491 2.6054168194532421 3.8950128480792072 23.62841822206974 26.20964615419507 6.7544319517910472 13.555637232959269 15.745023816823958
leaf_count=20 43 19 125 287 92 240 174
internal_value=0.000837445 -0.058402 -0.0230646 0.0559116 0.0367784 0.0949382 -0.111996
internal_weight=94.7962 45.671 27.5234 49.1251 32.9641 16.1611 18.1476
internal_count=1000 338 144 662 379 283 194
is_linear=0
shrinkage=0.1


Tree=20
num_leaves=8
num_cat=0
split_feature=1 1 2 1 2 0 0
split_gain=27.1 6.51933 3.65459 2.44693 1.89835 1.75084 0.00461451
threshold=1.5879456865536701 2.7502448985399899 6.1782323002137156 1.2395911376607873 4.5157636587521903 19.532476511884635 7.4740858225254225
decision_type=2 2 2 2 2 2 2
left_child=3 2 -2 6 -5 -3 -1
right_child=1 5 -4 4 -6 -7 -8
leaf_value=-0.11461241150506481 -0.091260725292736378 0.090103507071592856 0.011727682686056083 -0.00072560319354575365 -0.096120383506800022 0.045255324591363097 -0.11033195750644112
leaf_weight=3.1122046038508477 4.0590540915727642 12.998551968485115 22.797513291239738 4.5246490910649282 3.8705528676509857 26.351710047572851 13.202595323324202
leaf_count=30 24 238 156 31 21 342 158
internal_value=0.00079207 0.034146 -0.0038378 -0.088575 -0.0447067 0.06007 -0.111148
internal_weight=90.9168 66.2068 26.8566 24.71 8.3952 39.3503 16.3148
internal_count=1000 760 180 240 52 580 188
is_linear=0
shrinkage=0.1


Tree=21
num_leaves=8
num_cat=0
split_feature=2 1 0 2 1 0 0
split_gain=23.5422 4.84732 4.55826 3.83409 2.07123 1.3599 0.00355253
threshold=5.9703909900106131 2.7111912911888072 28.67040763311801 2.3926662136084547 3.7677383538211306 26.571434461877399 5.0709498180302015
decision_type=2 2 2 2 2 2 2
left_child=3 2 -2 6 -3 -5 -1
right_child=1 4 -4 5 -6 -7 -8
leaf_value=-0.11356911724367387 0.04793126402769244 0.096028724177443348 -0.037996865368902982 -0.011979321716724044 0.043434827893575237 -0.085121475462596616 -0.10907160671106203
leaf_weight=2.0256332159042385 11.51947893574834 10.808520901948212 13.302413105964659 8.385804355144499 24.372534848749638 3.6476995944976798 13.207671724259852
leaf_count=20 87 166 79 43 406 25 174
internal_value=0.000706469 0.0357189 0.00188113 -0.0763414 0.059593 -0.0341508 -0.10967
internal_weight=87.2698 60.0029 24.8219 27.2668 35.1811 12.0335 15.2333
internal_count=1000 738 166 262 572 68 194
is_linear=0
shrinkage=0.1


Tree=22
num_leaves=8
num_cat=0
split_feature=1 2 0 1 2 0 0
split_gain=20.4911 5.60797 3.28287 2.48253 1.78834 1.75958 0.00261829
threshold=1.5879456865536701 11.713264109130998 21.496728843596721 1.2395911376607873 4.5157636587521903 44.668987453260506 7.4740858225254225
decision_type=2 2 2 2 2 2 2
left_child=3 5 -3 6 -5 -2 -1
right_child=1 2 -4 4 -6 -7 -8
leaf_value=-0.1118658285516116 0.0034139274565787876 0.096846476281700164 0.03370383194536946 0.0042113782738827594 -0.090292123771022859 -0.07348198432730059 -0.10835001976335096
leaf_weight=2.6222704201936748 21.032430198043588 12.122868295758961 25.667522270232439 4.3745730966329557 3.6927331835031509 3.4662051126360884 11.019410192966459
leaf_count=30 119 274 348 31 21 19 158
internal_value=0.000642313 0.0298006 0.0539595 -0.0830208 -0.0390467 -0.00746574 -0.109026
internal_weight=83.998 62.289 37.7904 21.709 8.06731 24.4986 13.6417
internal_count=1000 760 622 240 52 138 188
is_linear=0
shrinkage=0.1


Tree=23
num_leaves=7
num_cat=0
split_feature=2 2 0 0 0 1
split_gain=17.8243 6.9637 3.56546 3.18862 0.00157626 0.000570634
threshold=2.3926662136084547 11.713264109130998 4.5369183616215993 21.496728843596721 5.24258149953575 1.1782773199419532
decision_type=2 2 2 2 2 2
left_child=4 2 -2 -3 -1 -6
right_child=1 3 -4 -5 5 -7
leaf_value=-0.1105914973205175 0.077114672045091981 0.095621095253864627 -0.025337225322504365 0.03121352431189053 -0.10714127103010912 -0.10932796182724813
leaf_weight=1.8205151669681061 3.8616943359374991 11.102736778557299 28.218583330512047 24.981008857488632 9.5803146064281446 1.3632006421685208
leaf_count=22 22 274 162 348 154 18
internal_value=0.000585673 0.0208939 -0.0130045 0.0510313 -0.107867 -0.107414
internal_weight=80.9281 68.164 32.0803 36.0837 12.764 10.9435
internal_count=1000 806 184 622 194 172
is_linear=0
shrinkage=0.1


Tree=24
num_leaves=7
num_cat=0
split_feature=2 1 0 0 0 1
split_gain=15.8205 6.20664 3.72428 2.1965 0.00114234 0.000414546
threshold=2.3926662136084547 2.7502448985399899 28.371428688094792 1.0818259565665767 5.24258149953575 1.1782773199419532
decision_type=2 2 2 2 2 2
left_child=4 2 -2 -3 -1 -6
right_child=1 3 -4 -5 5 -7
leaf_value=-0.10949030532202753 0.020546112390153692 -0.21473457595101003 -0.046407103774047297 0.052415384429352278 -0.10641571116474813 -0.10836709484849052
leaf_weight=1.662988707423209 17.54729525372386 0.31066948175430198 15.778805315494536 32.925656531006098 8.7247101552784425 1.2438520044088353
leaf_count=22 125 5 101 575 154 18
internal_value=0.000537887 0.0193409 -0.011154 0.0499183 -0.107064 -0.106659
internal_weight=78.194 66.5624 33.3261 33.2363 11.6316 9.96856
internal_count=1000 806 226 580 194 172
is_linear=0
shrinkage=0.1


Tree=25
num_leaves=8
num_cat=0
split_feature=2 0 1 2 2 0 0
split_gain=14.2515 3.48852 4.04117 3.1455 1.87451 1.00648 0.000829784
threshold=5.9703909900106131 19.921056524928606 7.1410188059785185 2.3926662136084547 10.823187484391211 26.571434461877399 5.24258149953575
decision_type=2 2 2 2 2 2 2
left_child=3 4 -3 6 -2 -5 -1
right_child=1 2 -4 5 -6 -7 -8
leaf_value=-0.10851226953825195 0.019502149231611355 -0.00077673037399791857 0.090462979131771037 -0.012347938819237644 0.094729786363604906 -0.077611025465519221 -0.10598597539554362
leaf_weight=1.5176023878157163 4.9822554923593989 33.207857120782137 5.6855846345424643 8.2858708351850492 9.8823901377618295 3.3058270364999762 9.0742933265864831
leaf_count=22 31 345 98 43 264 25 172
internal_value=0.000481348 0.0283095 0.012561 -0.0669553 0.0695154 -0.0309603 -0.106348
internal_weight=75.9417 53.7581 38.8934 22.1836 14.8646 11.5917 10.5919
internal_count=1000 738 443 262 295 68 194
is_linear=0
shrinkage=0.1


Tree=26
num_leaves=7
num_cat=0
split_feature=2 2 0 0 0 1
split_gain=12.5011 5.02102 2.94481 2.78392 0.000603672 0.000223573
threshold=2.3926662136084547 11.713264109130998 21.496728843596721 4.5369183616215993 5.24258149953575 1.1782773199419532
decision_type=2 2 2 2 2 2
left_child=4 3 -3 -2 -1 -6
right_child=1 2 -4 -5 5 -7
leaf_value=-0.10764194245028198 0.068379478668534013 0.092679852673842961 0.025389879658136549 -0.022891522654070795 -0.10518799822117973 -0.10675994226700745
leaf_weight=1.3837181217968453 3.7990136817097691 9.0179364439100009 23.326460305601358 27.772704135626554 7.2207985073328 1.0343961939215658
leaf_count=22 22 274 348 162 154 18
internal_value=0.000450447 0.0164599 0.044151 -0.0119089 -0.105709 -0.105385
internal_weight=73.555 63.9161 32.3444 31.5717 9.63891 8.25519
internal_count=1000 806 622 184 194 172
is_linear=0
shrinkage=0.1


Tree=27
num_leaves=7
num_cat=0
split_feature=1 1 0 1 2 0
split_gain=11.1334 4.45681 2.73608 2.35416 0.00316966 0.000464014
threshold=1.2395911376607873 2.7502448985399899 28.67040763311801 2.9653074721955837 1.8334429180050744 5.24258149953575
decision_type=2 2 2 2 2 2
left_child=4 2 -2 -3 5 -1
right_child=1 3 -4 -5 -6 -7
leaf_value=-0.10681350813670412 0.017252068642351109 0.13155431205104159 -0.040576201721803429 0.034128837567007589 -0.11116903491486246 -0.10467000386253432
leaf_weight=1.193532433360813 17.137765571475029 2.7290928624570396 15.65630768984556 27.197655875235796 0.9329678714275359 6.5643323548138142
leaf_count=21 128 44 104 536 13 154
internal_value=0.000410934 0.0151088 -0.0103559 0.0430133 -0.105662 -0.105
internal_weight=71.4117 62.7208 32.7941 29.9267 8.69083 7.75786
internal_count=1000 812 232 580 188 175
is_linear=0
shrinkage=0.1


Tree=28
num_leaves=7
num_cat=0
split_feature=2 2 0 0 0 1
split_gain=9.99762 4.06098 3.87807 2.70941 0.000298676 0.000225404
threshold=2.3926662136084547 9.8235510644566002 4.5369183616215993 21.028729745101057 5.24258149953575 1.1782773199419532
decision_type=2 2 2 2 2 2
left_child=4 2 -2 -3 -1 -6
right_child=1 3 -4 -5 5 -7
leaf_value=-0.10617202408113352 0.084008182661726147 0.082764871822954181 -0.03146042467485273 0.019699163666882128 -0.10420590866042877 -0.10589799571168734
leaf_weight=1.1475798301398734 3.3447961322963264 9.1189803648740035 22.304893895983696 26.929463397711515 5.9647571071982384 0.90696041658520687
leaf_count=22 17 283 127 379 154 18
internal_value=0.000359148 0.0140116 -0.016403 0.0356526 -0.104679 -0.104429
internal_weight=69.7174 61.6981 25.6497 36.0484 8.0193 6.87172
internal_count=1000 806 144 662 194 172
is_linear=0
shrinkage=0.1


Tree=29
num_leaves=7
num_cat=0
split_feature=2 2 0 0 0 1
split_gain=8.92164 3.56533 2.30046 1.7323 0.000218428 0.000165039
threshold=2.3926662136084547 12.947350739168449 21.496728843596721 4.5369183616215993 5.24258149953575 1.1782773199419532
decision_type=2 2 2 2 2 2
left_child=4 3 -3 -2 -1 -6
right_child=1 2 -4 -5 5 -7
leaf_value=-0.10555297072898902 0.054419616456297497 0.088895300526013535 0.022532988022654948 -0.016911178240280815 -0.10378969359743757 -0.10530793893439427
leaf_weight=1.0441521145403374 3.8434314597398034 7.1028776001185205 19.743361849337816 29.821043603122234 5.4176751337945461 0.82501517236232746
leaf_count=22 26 267 331 182 154 18
internal_value=0.000320743 0.0129091 0.0400909 -0.00876743 -0.104214 -0.10399
internal_weight=67.7976 60.5107 26.8462 33.6645 7.28684 6.24269
internal_count=1000 806 598 208 194 172
is_linear=0
shrinkage=0.1


Tree=30
num_leaves=7
num_cat=0
split_feature=1 1 1 0 1 2
split_gain=8.05307 3.14074 2.83262 1.69757 0.27426 0.00272226
threshold=1.2970518003594795 7.1410188059785185 6.4327259012916596 4.1777335614930653 1.2395911376607873 2.139017544276975
decision_type=2 2 2 2 2 2
left_child=4 2 -2 -3 5 -1
right_child=1 3 -4 -5 -6 -7
leaf_value=-0.10365189013586762 0.0087678156219808887 -0.10488935454901688 -0.11986388615375354 0.090261607652042164 -0.045491260116396953 -0.11017723893507939
leaf_weight=5.8808363303542128 50.058773625642061 0.47943763807415862 1.7725730948150147 6.3427050597965717 0.8992083966732024 0.71730660274624813
leaf_count=177 584 16 40 164 8 11
internal_value=0.000289591 0.012764 0.00436876 0.076547 -0.0973006 -0.104361
internal_weight=66.1508 58.6535 51.8313 6.82214 7.49735 6.59814
internal_count=1000 804 624 180 196 188
is_linear=0
shrinkage=0.1


Tree=31
num_leaves=7
num_cat=0
split_feature=2 1 0 1 0 2
split_gain=7.18652 2.68264 2.279 2.96655 1.62292 1.5667
threshold=5.9703909900106131 2.6022749958749309 19.921056524928606 7.1410188059785185 4.664107584973646 10.823187484391211
decision_type=2 2 2 2 2 2
left_child=1 4 5 -4 -1 -2
right_child=2 -3 3 -5 -6 -7
leaf_value=-0.012556501314256556 0.014714883558446324 0.029076828582879851 -0.0029379692881171811 0.08417388167861764 -0.092660754104206169 0.089099230863041598
leaf_weight=3.3068649247288731 4.8083210214972478 3.0903208255767813 31.835590660572052 4.4565286170691243 10.755345426499842 6.8874174058437347
leaf_count=26 31 13 345 98 223 264
internal_value=0.000272403 -0.0552842 0.0201303 0.00775902 -0.0738235 0.0585185
internal_weight=65.1404 17.1525 47.9879 36.2921 14.0622 11.6957
internal_count=1000 262 738 443 249 295
is_linear=0
shrinkage=0.1


Tree=32
num_leaves=7
num_cat=0
split_feature=2 1 1 0 0 1
split_gain=6.57445 2.61566 2.2965 1.88074 0.000135486 0.000173141
threshold=2.3926662136084547 2.5379792099913367 2.2630665643569583 19.532476511884635 5.8228200987437431 1.2395911376607873
decision_type=2 2 2 2 2 2
left_child=4 2 -2 -3 -1 -6
right_child=1 3 -4 -5 5 -7
leaf_value=-0.1043764857723037 -0.00062057227167471637 0.076088076656174342 -0.088088413649462474 0.016935034354269612 -0.10280542195925774 -0.10475320190528435
leaf_weight=0.86601121537387271 25.837866879999641 7.1683024037629393 3.3962837010622016 21.48458543792367 4.2204221617430449 0.51170766726136196
leaf_count=23 163 246 36 361 159 12
internal_value=0.000254871 0.0102623 -0.0107822 0.0317338 -0.103226 -0.103016
internal_weight=63.4852 57.887 29.2342 28.6529 5.59814 4.73213
internal_count=1000 806 199 607 194 171
is_linear=0
shrinkage=0.1


Tree=33
num_leaves=7
num_cat=0
split_feature=1 2 0 0 2 0
split_gain=5.93426 2.42062 2.2367 1.45561 0.00182356 0.000146551
threshold=1.2395911376607873 11.713264109130998 24.958343551407566 44.787144538713079 2.2974475902677587 5.0709498180302015
decision_type=2 2 2 2 2 2
left_child=4 3 -3 -2 5 -1
right_child=1 2 -4 -5 -6 -7
leaf_value=-0.10408973398884534 -0.0019789512309364766 0.077112208613389244 0.013133039544545531 -0.070058028002179626 -0.10897486535591908 -0.10253115203361685
leaf_weight=0.71615835838019748 26.826957687735561 7.6181242112070349 19.326774396002293 3.5570576265454283 0.53004924952983845 3.8281895089894533
leaf_count=20 167 306 316 23 9 159
internal_value=0.000226984 0.00940154 0.0312219 -0.00994897 -0.103424 -0.102777
internal_weight=62.4033 57.3289 26.9449 30.384 5.0744 4.54435
internal_count=1000 812 622 190 188 179
is_linear=0
shrinkage=0.1


Tree=34
num_leaves=6
num_cat=0
split_feature=2 0 0 1 0
split_gain=5.32379 2.89092 3.75469 0.000127469 0.00010816
threshold=2.3926662136084547 1.7292510687110563 3.58021002560888 1.2395911376607873 5.0709498180302015
decision_type=2 2 2 2 2
left_child=3 -2 -3 4 -1
right_child=1 2 -4 -5 -6
leaf_value=-0.10368656044057667 -0.14123149355514922 0.14585951532440669 0.0069970654839959269 -0.10425200823047015 -0.1022833851223022
leaf_weight=0.65039809234440227 1.2580034490674723 2.021110648289322 53.225990390405059 0.46182269603013981 3.5356494970619678
leaf_count=20 19 33 754 12 162
internal_value=0.000201668 0.00866389 0.0120771 -0.102675 -0.102501
internal_weight=61.153 56.5051 55.2471 4.64787 4.18605
internal_count=1000 806 787 194 182
is_linear=0
shrinkage=0.1


Tree=35
num_leaves=6
num_cat=0
split_feature=1 0 0 2 0
split_gain=4.82048 2.81324 3.41082 0.00148789 7.91855e-05
threshold=1.2395911376607873 1.5062283788198385 3.58021002560888 2.2974475902677587 5.0709498180302015
decision_type=2 2 2 2 2
left_child=3 -2 -3 4 -1
right_child=1 2 -4 -5 -6
leaf_value=-0.10332437236033627 -0.14388893087207938 0.13938516188294023 0.0063620863016173312 -0.10817635937234234 -0.10206238023667802
leaf_weight=0.59046230092644636 1.1951089408248652 2.0001815836876622 53.078642940148711 0.47991626523435105 3.1479216013103724
leaf_count=20 16 36 760 9 159
internal_value=0.000170509 0.00789928 0.0111928 -0.102935 -0.102262
internal_weight=60.4922 56.2739 55.0788 4.2183 3.73838
internal_count=1000 812 796 188 179
is_linear=0
shrinkage=0.1


Tree=36
num_leaves=7
num_cat=0
split_feature=2 1 1 0 1 0
split_gain=4.32918 2.31673 3.53087 0.812519 0.000124204 5.85513e-05
threshold=2.3926662136084547 6.6556700223854746 5.5405285074224251 46.148247000960218 1.2395911376607873 5.0709498180302015
decision_type=2 2 2 2 2 2
left_child=4 2 -2 -3 5 -1
right_child=1 3 -4 -5 -6 -7
leaf_value=-0.10299877093805082 0.006152844653949642 0.072945173316028081 -0.11002357173096458 -0.04220248349033287 -0.10385609797553066 -0.10186117424063997
leaf_weight=0.53587524592876423 46.353466212749481 6.1984579395502797 2.7725250571966162 0.6800377033650874 0.42195844650268544 2.9058154877275229
leaf_count=20 530 196 64 16 12 162
internal_value=0.00014371 0.00720676 -0.000403807 0.0615612 -0.102237 -0.102038
internal_weight=59.8681 56.0045 49.126 6.8785 3.86365 3.44169
internal_count=1000 806 594 212 194 182
is_linear=0
shrinkage=0.1


Tree=37
num_leaves=7
num_cat=0
split_feature=2 0 1 0 0 0
split_gain=3.96477 1.78938 2.32293 1.57334 2.88875 1.64538
threshold=5.9703909900106131 4.1777335614930653 2.6022749958749309 19.921056524928606 21.65255797287395 14.73550218287137
decision_type=2 2 2 2 2 2
left_child=1 -1 -3 5 -5 -2
right_child=3 2 -4 4 -6 -7
leaf_value=0.027266680257078457 0.027500883033397896 -0.089710592360245034 0.014083539567188523 -0.12740663351545675 0.010803561900658808 0.12384860565010745
leaf_weight=2.6863582003861657 7.8223022203892452 8.5221870662644488 2.8865296989679328 1.583672672510146 33.542742755264044 2.2918032901361585
leaf_count=23 220 227 12 27 416 75
internal_value=0.00015063 -0.0461601 -0.0634495 0.0145791 0.00457236 0.0493328
internal_weight=59.3356 14.0951 11.4087 45.2405 35.1264 10.1141
internal_count=1000 262 239 738 443 295
is_linear=0
shrinkage=0.1


Tree=38
num_leaves=7
num_cat=0
split_feature=1 1 1 0 2 0
split_gain=3.62679 1.97055 2.54407 1.39906 0.00104572 6.06674e-05
threshold=1.2395911376607873 7.1410188059785185 6.4327259012916596 6.7301490479150035 2.3926662136084547 5.0709498180302015
decision_type=2 2 2 2 2 2
left_child=4 2 -2 -3 5 -1
right_child=1 3 -4 -5 -6 -7
leaf_value=-0.10276131304437364 0.0045052686681979681 -0.090737562783699044 -0.11680084715268634 0.082984558197212913 -0.10746580544783982 -0.101536705118578
leaf_weight=0.48595779668539751 48.158417933620512 0.51574993878602882 1.7932540345937003 4.5831349780783057 0.35863973945379246 2.414575275965035
leaf_count=20 592 24 40 156 6 162
internal_value=0.000126863 0.00619512 0.000150406 0.0654126 -0.102372 -0.101742
internal_weight=58.3097 55.0506 49.9517 5.09888 3.25917 2.90053
internal_count=1000 812 632 180 188 182
is_linear=0
shrinkage=0.1


Tree=39
num_leaves=6
num_cat=0
split_feature=2 0 0 1 0
split_gain=3.26524 2.95008 3.0995 8.17526e-05 4.47136e-05
threshold=2.3926662136084547 1.2162193188665358 3.58021002560888 1.2395911376607873 5.0709498180302015
decision_type=2 2 2 2 2
left_child=3 -2 -3 4 -1
right_child=1 2 -4 -5 -6
leaf_value=-0.10249229378090929 -0.15642439056664781 0.13257684599017802 0.0043273098441370351 -0.10319267331514313 -0.10138833335161211
leaf_weight=0.44080814812332381 1.1001979187130917 1.9555681739002455 51.801765820011497 0.35377858579158772 2.1878325305879116
leaf_count=20 11 41 754 12 162
internal_value=0.000135202 0.0056752 0.00899273 -0.101766 -0.101573
internal_weight=57.84 54.8575 53.7573 2.98242 2.62864
internal_count=1000 806 795 194 182
is_linear=0
shrinkage=0.1


Tree=40
num_leaves=6
num_cat=0
split_feature=2 2 0 0 1
split_gain=3.07145 2.64025 2.36859 4.25241 2.22496
threshold=9.6393297731719301 9.0042053500107251 47.485552482546645 46.546260704166919 1.2395911376607873
decision_type=2 2 2 2 2
left_child=1 4 3 -2 -1
right_child=2 -3 -4 -5 -6
leaf_value=-0.10206536942738298 0.020038326124422003 -0.14160163837885126 0.1174798539894395 -0.19655044447203968 -0.0057869663486154257
leaf_weight=2.7097951984033051 28.515933029353626 1.8250483684241761 2.3498329669237128 0.93625367805361648 21.015648007392883
leaf_count=188 624 12 33 13 130
internal_value=0.000119011 -0.025699 0.0208618 0.0131532 -0.0167834
internal_weight=57.3525 25.5505 31.802 29.4522 23.7254
internal_count=1000 330 670 637 318
is_linear=0
shrinkage=0.1


Tree=41
num_leaves=6
num_cat=0
split_feature=2 0 1 1 0
split_gain=2.67458 2.35827 2.79513 6.93816e-05 2.43947e-05
threshold=2.3926662136084547 1.0818259565665767 7.1410188059785185 1.2395911376607873 5.0709498180302015
decision_type=2 2 2 2 2
left_child=3 -2 -3 4 -1
right_child=1 2 -4 -5 -6
leaf_value=-0.10203213913775196 -0.16884908193941786 0.00032162890212874136 0.082247437463315337 -0.10286340403883094 -0.10113274799434085
leaf_weight=0.36251338943839062 0.77101481705903907 48.906056942418218 4.5520991971716276 0.31928603164851654 1.7941038887947796
leaf_count=20 7 621 178 12 162
internal_value=0.000152886 0.00479342 0.00729782 -0.101488 -0.101284
internal_weight=56.7051 54.2292 53.4582 2.4759 2.15662
internal_count=1000 806 799 194 182
is_linear=0
shrinkage=0.1


Tree=42
num_leaves=6
num_cat=0
split_feature=1 0 0 2 0
split_gain=2.44076 1.88711 2.80077 0.000633178 1.80038e-05
threshold=1.2395911376607873 1.2162193188665358 3.58021002560888 2.3926662136084547 5.0709498180302015
decision_type=2 2 2 2 2
left_child=3 -2 -3 4 -1
right_child=1 2 -4 -5 -6
leaf_value=-0.1018353726288541 -0.122176534859605 0.1301748629329508 0.0028574966591401571 -0.10609574358115448 -0.10102379575070411
leaf_weight=0.3286172049120063 1.1525125894695509 1.788470348343252 50.962002477608621 0.29983535408973683 1.6250340994447467
leaf_count=20 11 41 760 6 162
internal_value=0.000145743 0.00440843 0.00717411 -0.101817 -0.10116
internal_weight=56.1565 53.903 52.7505 2.25349 1.95365
internal_count=1000 812 801 188 182
is_linear=0
shrinkage=0.1


Tree=43
num_leaves=7
num_cat=0
split_feature=1 1 2 0 0 0
split_gain=2.33707 2.77657 2.31118 1.92061 3.45803 1.18537
threshold=2.3779024784430014 2.2481330501807171 5.9703909900106131 19.532476511884635 21.874212980576935 1.2162193188665358
decision_type=2 2 2 2 2 2
left_child=1 2 -1 5 -5 -2
right_child=3 -3 -4 4 -6 -7
leaf_value=-0.052530072108536621 -0.06915887767779727 -0.12866472554931865 0.010359691580457365 -0.14327704526856264 0.017381427291990152 0.083337482240828542
leaf_weight=8.8572003981098586 0.55999999865889805 2.1744170263409606 17.174083119258285 1.4364614970982099 19.897443395107985 5.6774868061766028
leaf_count=246 8 16 106 30 346 248
internal_value=0.000131426 -0.0201066 -0.0110387 0.0208351 0.00656392 0.0696464
internal_weight=55.7771 28.2057 26.0313 27.5714 21.3339 6.23749
internal_count=1000 368 352 632 376 256
is_linear=0
shrinkage=0.1


Tree=44
num_leaves=7
num_cat=0
split_feature=2 2 1 1 1 0
split_gain=2.08763 1.4644 4.06864 1.95725 5.3746e-05 1.13755e-05
threshold=2.3926662136084547 13.785302824183679 4.1062741352409153 4.0347217588516262 1.2395911376607873 5.0709498180302015
decision_type=2 2 2 2 2 2
left_child=4 3 -3 -2 5 -1
right_child=1 2 -4 -5 -6 -7
leaf_value=-0.10157323252242473 -0.016983577907543897 0.069724383725548483 -0.018936471908155224 0.069890992966313875 -0.10249521212945906 -0.1008780703577646
leaf_weight=0.28306802269071241 29.57748509850353 10.186605706810953 10.522418607026337 2.842585169710218 0.27841228991746891 1.3977475948631761
leaf_count=20 198 239 343 26 12 162
internal_value=0.000164223 0.00390251 0.0246751 -0.00936643 -0.101208 -0.100995
internal_weight=55.0883 53.1291 20.709 32.4201 1.95923 1.68082
internal_count=1000 806 582 224 194 182
is_linear=0
shrinkage=0.1


Tree=45
num_leaves=7
num_cat=0
split_feature=1 1 0 1 2 0
split_gain=1.90114 1.52024 4.25804 2.92834 0.000391025 8.40266e-06
threshold=1.2395911376607873 6.6556700223854746 1.0818259565665767 4.5724604484129747 2.3926662136084547 5.0709498180302015
decision_type=2 2 2 2 2 2
left_child=4 3 -3 -2 5 -1
right_child=1 2 -4 -5 -6 -7
leaf_value=-0.10142149154287675 0.0066856080792129556 -0.41226809915516754 0.068260271946577217 -0.071613569745046443 -0.10512193639450861 -0.10079381166834891
leaf_weight=0.2564942492172112 41.518899035640061 0.19075858592986961 5.5361479753628373 5.3974006548523894 0.25624867901206005 1.2657377640716729
leaf_count=20 484 2 210 116 6 162
internal_value=0.000179659 0.00361504 0.0522543 -0.00232218 -0.101508 -0.1009
internal_weight=54.4217 52.6432 5.72691 46.9163 1.77848 1.52223
internal_count=1000 812 212 600 188 182
is_linear=0
shrinkage=0.1


Tree=46
num_leaves=8
num_cat=0
split_feature=1 1 2 0 2 0 2
split_gain=1.73424 2.82551 2.07622 1.9109 3.87931 2.40205 0.153285
threshold=2.7502448985399899 2.9653074721955837 8.4725637454298948 28.371428688094792 7.4806416948418786 25.584101674830798 10.908528804562289
decision_type=2 2 2 2 2 2 2
left_child=3 6 -3 5 -5 -1 -2
right_child=1 2 -4 4 -6 -7 -8
leaf_value=-0.0091332007085286934 0.15789988879475447 -0.060473138870309764 0.024095065444246944 -0.12032093971423857 -0.008530091103957518 0.091304155099871748 0.10453503266768899
leaf_weight=13.284834299702203 1.0329890176653891 3.4926636517047909 17.197656952776015 4.3476273086853316 10.853090249001978 2.9011812396347514 1.1238575866445897
leaf_count=213 6 16 520 115 67 25 38
internal_value=0.000214369 0.0211736 0.00981939 -0.0150424 -0.0405039 0.00886919 0.130093
internal_weight=54.2339 22.8472 20.6903 31.3867 15.2007 16.186 2.15685
internal_count=1000 580 536 420 182 238 44
is_linear=0
shrinkage=0.1


Tree=47
num_leaves=7
num_cat=0
split_feature=2 1 0 1 1 0
split_gain=1.6396 1.2305 2.80026 2.53032 3.50865e-05 6.60422e-06
threshold=2.3926662136084547 6.6556700223854746 1.0818259565665767 6.0739800996701456 1.2395911376607873 5.0709498180302015
decision_type=2 2 2 2 2 2
left_child=4 3 -3 -2 5 -1
right_child=1 2 -4 -5 -6 -7
leaf_value=-0.10127289925907033 0.0026172627075320733 -0.27488146536219787 0.064840440171544861 -0.11987025478307414 -0.1021082063242259 -0.10068345007266029
leaf_weight=0.23032372817397018 44.729180322960019 0.25477311015128989 5.0924057243391871 1.752600511536001 0.2369359778240322 1.0877563077956436
leaf_count=20 562 2 210 32 12 162
internal_value=0.000189327 0.00322493 0.048654 -0.00200114 -0.100988 -0.100786
internal_weight=53.384 51.829 5.34718 46.4818 1.55502 1.31808
internal_count=1000 806 212 594 194 182
is_linear=0
shrinkage=0.1


Tree=48
num_leaves=7
num_cat=0
split_feature=2 1 1 0 1 0
split_gain=1.47869 1.05927 2.08151 2.03466 2.58951e-05 4.88105e-06
threshold=2.3926662136084547 6.6556700223854746 4.5724604484129747 1.0818259565665767 1.2395911376607873 5.0709498180302015
decision_type=2 2 2 2 2 2
left_child=4 2 -2 -3 5 -1
right_child=1 3 -4 -5 -6 -7
leaf_value=-0.10115044194223569 0.0061816548895260136 -0.20391111573848908 -0.057895776330222373 0.062169208811170384 -0.10190377459860644 -0.10061799319629575
leaf_weight=0.20864499919116386 40.844307640567422 0.30570593476295371 5.7879267502576104 4.7957059117034078 0.2147967293858527 0.98485033167526126
leaf_count=20 478 2 116 210 12 162
internal_value=0.000209072 0.00296127 -0.00177154 0.0462241 -0.100893 -0.100711
internal_weight=53.1419 51.7336 46.6322 5.10141 1.40829 1.1935
internal_count=1000 806 594 212 194 182
is_linear=0
shrinkage=0.1


Tree=49
num_leaves=8
num_cat=0
split_feature=1 1 0 0 2 0 2
split_gain=1.438 2.50517 2.03677 1.63432 3.50516 1.95312 0.106216
threshold=2.7502448985399899 2.9653074721955837 46.795414276012451 28.371428688094792 7.4806416948418786 25.584101674830798 10.908528804562289
decision_type=2 2 2 2 2 2 2
left_child=3 6 -3 5 -5 -1 -2
right_child=1 2 -4 4 -6 -7 -8
leaf_value=-0.0079070859195798145 0.15031420564750911 -0.00029630142656215155 0.11632501619198217 -0.11902058904029045 -0.008557825896565301 0.083568043879696075 0.10405906756571431
leaf_weight=13.116080853622408 0.97379495948553341 18.656091700308028 1.6282690800726403 3.9067493123002341 10.852007605135439 2.8394203111529341 1.0127418795600531
leaf_count=213 6 504 32 115 67 25 38
internal_value=0.000214445 0.019561 0.00906514 -0.0138137 -0.0377981 0.00837171 0.126733
internal_weight=52.9852 22.2709 20.2844 30.7143 14.7588 15.9555 1.98654
internal_count=1000 580 536 420 182 238 44
is_linear=0
shrinkage=0.1


Tree=50
num_leaves=6
num_cat=0
split_feature=2 2 2 1 0
split_gain=1.27316 1.07838 1.62883 1.50915e-05 3.72928e-06
threshold=2.3926662136084547 2.9113930500722502 5.9703909900106131 1.2395911376607873 5.0709498180302015
decision_type=2 2 2 2 2
left_child=3 -2 -3 4 -1
right_child=1 2 -4 -5 -6
leaf_value=-0.10103169665926688 0.075544463528493089 -0.043131755623260978 0.0074407146743312438 -0.10161501574545471 -0.10053901288654921
leaf_weight=0.18752782838418969 1.9496332425624121 7.5173108596354714 41.679132407531142 0.18212582170963276 0.8500442705117166
leaf_count=20 12 56 738 12 162
internal_value=0.000195856 0.00260375 -0.000286856 -0.100775 -0.100628
internal_weight=52.3658 51.1461 49.1964 1.2197 1.03757
internal_count=1000 806 794 194 182
is_linear=0
shrinkage=0.1


Tree=51
num_leaves=7
num_cat=0
split_feature=1 1 0 0 1 0
split_gain=1.17698 4.71885 1.94649 2.57463 1.73748 0.93157
threshold=2.3779024784430014 2.2630665643569583 19.532476511884635 25.341854799206448 2.1564359898812664 1.0818259565665767
decision_type=2 2 2 2 2 2
left_child=1 4 5 -4 -1 -2
right_child=2 -3 3 -5 -6 -7
leaf_value=-0.015258816744637919 -0.05483236861395871 -0.18790777862346442 -0.079826550017858572 0.016632267782572093 0.059912426178734851 0.079919426259432422
leaf_weight=21.197285375557847 0.56933523342013614 1.484452299773692 3.3190066572278765 16.641989178955555 3.596479181200265 5.1879689060151577
leaf_count=328 5 12 64 312 28 251
internal_value=0.000160373 -0.0147237 0.0153685 0.000593616 -0.00435479 0.0665939
internal_weight=51.9965 26.2782 25.7183 19.961 24.7938 5.7573
internal_count=1000 368 632 376 356 256
is_linear=0
shrinkage=0.1


Tree=52
num_leaves=7
num_cat=0
split_feature=1 2 2 2 2 0
split_gain=1.19053 1.11435 9.19047 2.03778 0.000253388 2.63477e-06
threshold=1.2395911376607873 35.505676076098844 36.445349434150536 13.785302824183679 2.3926662136084547 5.0709498180302015
decision_type=2 2 2 2 2 2
left_child=4 3 -3 -2 5 -1
right_child=1 2 -4 -5 -6 -7
leaf_value=-0.10091852788718188 -0.0079443363363450852 -0.3248205275537227 0.036858091462481257 0.036451980725740012 -0.10444016027012387 -0.10048008357576484
leaf_weight=0.16731515759602078 31.220588992349803 0.92132010683417265 2.9591228868812323 15.457287508063017 0.20563623681664467 0.75798477698117495
leaf_count=20 230 28 114 440 6 162
internal_value=0.000207037 0.00247686 -0.049014 0.00675742 -0.101265 -0.100559
internal_weight=51.6893 50.5583 3.88044 46.6779 1.13094 0.9253
internal_count=1000 812 142 670 188 182
is_linear=0
shrinkage=0.1


Tree=53
num_leaves=6
num_cat=0
split_feature=2 1 1 1 0
split_gain=1.03871 0.900801 1.60692 1.16901e-05 1.94861e-06
threshold=2.3926662136084547 1.3430074146875914 1.5879456865536701 1.2395911376607873 5.0709498180302015
decision_type=2 2 2 2 2
left_child=3 -2 -3 4 -1
right_child=1 2 -4 -5 -6
leaf_value=-0.10083043359212099 0.069019215125243158 -0.059723853032407494 0.0052068219206244919 -0.10143406350745135 -0.10043419541071484
leaf_weight=0.15151856187730928 1.9447920396924008 4.1712739244103423 44.190803190693259 0.16191514395177364 0.68615041859447956
leaf_count=20 20 29 757 12 162
internal_value=0.000284228 0.00228989 -0.000393509 -0.100656 -0.100506
internal_weight=51.3065 50.3069 48.3621 0.999584 0.837669
internal_count=1000 806 786 194 182
is_linear=0
shrinkage=0.1


Tree=54
num_leaves=7
num_cat=0
split_feature=1 1 2 2 0 2
split_gain=0.94614 2.52626 2.30658 1.74225 1.35048 0.745956
threshold=7.1410188059785185 6.4327259012916596 33.249426125900861 13.785302824183679 1.2162193188665358 25.899536524410838
decision_type=2 2 2 2 2 2
left_child=1 3 -3 -1 -2 -6
right_child=4 2 -4 -5 5 -7
leaf_value=-0.012062602727804021 -0.12818702832681447 -0.0073240907124407341 -0.23678204178289364 0.030105036807917426 -0.0055788117692322078 0.10208451360406155
leaf_weight=31.552818849915639 0.37938793003559057 0.88188287615775951 0.87054583989083767 14.211536729242651 0.89915604330599341 2.2637520581483841
leaf_count=408 2 23 17 372 42 136
internal_value=0.000236712 -0.00348001 -0.121311 0.00103202 0.0500933 0.0714778
internal_weight=51.0591 47.5168 1.75243 45.7644 3.5423 3.16291
internal_count=1000 820 40 780 180 178
is_linear=0
shrinkage=0.1


Tree=55
num_leaves=6
num_cat=0
split_feature=2 2 2 1 0
split_gain=0.926416 0.849419 1.16747 8.33424e-06 1.39034e-06
threshold=2.3926662136084547 2.9113930500722502 4.1990848414056838 1.2395911376607873 5.0709498180302015
decision_type=2 2 2 2 2
left_child=3 -2 -3 4 -1
right_child=1 2 -4 -5 -6
leaf_value=-0.10074184446906068 0.066405257505608911 -0.055595499798819371 0.0038849959850294361 -0.10128032857611223 -0.10038800685511942
leaf_weight=0.13558160420507093 1.9730573184788216 3.5655404515564433 44.287163781933486 0.14498214982450008 0.61370859085582197
leaf_count=20 12 28 766 12 162
internal_value=0.000293716 0.00210431 -0.00054694 -0.100586 -0.100452
internal_weight=50.72 49.8258 47.8527 0.894272 0.74929
internal_count=1000 806 794 194 182
is_linear=0
shrinkage=0.1


Tree=56
num_leaves=6
num_cat=0
split_feature=1 1 0 0 2
split_gain=0.860198 2.0394 1.38132 1.25601 1.18355
threshold=6.6556700223854746 6.1944959983633519 46.546260704166919 1.0818259565665767 13.785302824183679
decision_type=2 2 2 2 2
left_child=1 4 3 -2 -1
right_child=2 -3 -4 -5 -6
leaf_value=-0.01094425365141336 -0.10902739906751767 -0.12967531460467518 -0.13034857755266524 0.077042456810680129 0.024648543875985966
leaf_weight=31.362719279015437 0.40153197944164176 1.2534253653138865 0.42418367415666569 3.7586916838772595 13.306242343038319
leaf_count=407 2 20 14 196 361
internal_value=0.000251624 -0.00387176 0.0415559 0.0590836 -0.00034167
internal_weight=50.5068 45.9224 4.58441 4.16022 44.669
internal_count=1000 788 212 198 768
is_linear=0
shrinkage=0.1


Tree=57
num_leaves=7
num_cat=0
split_feature=2 2 1 1 0 1
split_gain=0.822843 5.34141 1.49982 1.921 1.66208 1.05174
threshold=35.505676076098844 36.445349434150536 2.7502448985399899 2.9653074721955837 28.371428688094792 6.6556700223854746
decision_type=2 2 2 2 2 2
left_child=2 -2 4 -4 -1 -3
right_child=1 5 3 -5 -6 -7
leaf_value=0.013116093172186245 -0.22040352476869451 -0.02165388203598265 0.12637053138188789 0.016234519923827871 -0.034537485548657175 0.10256329311885165
leaf_weight=15.329039229080083 1.1924677928909653 1.5566160678863528 1.7689582812599862 15.120535086840389 14.007121375063432 1.2126111709512768
leaf_count=238 28 37 44 394 182 77
internal_value=0.000281818 -0.0434565 0.00403034 0.0277699 -0.00963704 0.0327393
internal_weight=50.1873 3.9617 46.2257 16.8895 29.3362 2.76923
internal_count=1000 142 858 438 420 114
is_linear=0
shrinkage=0.1


Tree=58
num_leaves=5
num_cat=0
split_feature=0 0 0 0
split_gain=0.787594 4.08299 1.78056 1.03744
threshold=47.532408191572287 46.148247000960218 41.198833229784761 48.633617777466817
decision_type=2 2 2 2
left_child=1 2 -1 -2
right_child=3 -3 -4 -5
leaf_value=-0.0044164082283999363 0.10855273209755066 -0.14340310424371772 0.053518385988704377 -0.013979033813424588
leaf_weight=39.151956039480865 1.4986224456224584 1.9763324861414719 6.1363597684539846 1.2821594483684746
leaf_count=828 24 31 96 21
internal_value=0.000336515 -0.00270636 0.00343349 0.0520559
internal_weight=50.0454 47.2646 45.2883 2.78078
internal_count=1000 955 924 45
is_linear=0
shrinkage=0.1


Tree=59
num_leaves=7
num_cat=0
split_feature=0 0 0 0 2 1
split_gain=0.744287 2.64835 1.72109 1.78476 1.48106 0.671321
threshold=12.519656692196049 10.360139226390173 14.73550218287137 19.033070136436205 10.823187484391211 2.0939969683453703
decision_type=2 2 2 2 2 2
left_child=1 4 5 -4 -1 -2
right_child=2 -3 3 -5 -6 -7
leaf_value=-0.020548873471393392 -0.030169978872359116 0.1524907511139599 0.078841387662569373 -0.0074491978549860978 0.070711000484725769 -0.1608589619933348
leaf_weight=6.5367038832046074 0.67007182002998777 1.3925831161905069 2.5709730328526339 35.405643282691017 2.442944161593914 0.95074874861165881
leaf_count=87 13 36 84 608 137 35
internal_value=0.000331803 0.0241777 -0.00591445 -0.00160742 0.00427869 -0.10683
internal_weight=49.9697 10.3722 39.5974 37.9766 8.97965 1.62082
internal_count=1000 260 740 692 224 48
is_linear=0
shrinkage=0.1


Tree=60
num_leaves=7
num_cat=0
split_feature=0 0 2 0 0 2
split_gain=0.703079 2.19686 1.51789 1.54083 1.45137 1.02564
threshold=4.5369183616215993 1.2162193188665358 5.9703909900106131 6.4524056512485206 12.519656692196049 4.6925516574174315
decision_type=2 2 2 2 2 2
left_child=1 -1 3 -2 -4 -3
right_child=2 5 4 -5 -6 -7
leaf_value=-0.066268856680375673 -0.15898572751109188 0.16568218768958465 0.068157952861140139 -0.026446173914020883 -0.0011699502056903626 0.042761856560004502
leaf_weight=1.3519916394725431 1.0118232856038947 1.0728091569617393 3.3074884428642681 6.5890385995153338 34.702824865933508 1.8483190522529183
leaf_count=12 20 17 122 218 556 55
internal_value=0.000338758 0.0391255 -0.00329501 -0.0440898 0.00486266 0.0879054
internal_weight=49.8843 4.27312 45.6112 7.60086 38.0103 2.92113
internal_count=1000 84 916 238 678 72
is_linear=0
shrinkage=0.1


Tree=61
num_leaves=6
num_cat=0
split_feature=1 1 2 0 1
split_gain=0.70742 2.19437 1.03933 0.963595 0.90659
threshold=6.6556700223854746 6.2752641501526858 13.785302824183679 46.546260704166919 9.7662529648678902
decision_type=2 2 2 2 2
left_child=1 2 -1 4 -2
right_child=3 -3 -4 -5 -6
leaf_value=-0.0097417954497368703 0.10469975263796472 -0.13632455770935881 0.023822005234663757 -0.091429397337376692 0.0070079900051941459
leaf_weight=30.929079628316686 1.9150098869577044 1.2083375416696061 13.147878198884426 0.5000378731638192 1.8849775986745951
leaf_count=407 83 16 365 14 115
internal_value=0.000305953 -0.00337465 0.000270074 0.0390679 0.0562399
internal_weight=49.5853 45.2853 44.077 4.30003 3.79999
internal_count=1000 788 772 212 198
is_linear=0
shrinkage=0.1


Tree=62
num_leaves=5
num_cat=0
split_feature=0 0 0 0
split_gain=0.710983 2.99277 1.56229 0.869717
threshold=47.532408191572287 46.148247000960218 41.198833229784761 48.633617777466817
decision_type=2 2 2 2
left_child=1 2 -1 -2
right_child=3 -3 -4 -5
leaf_value=-0.0044940179769999622 0.10429714660915226 -0.12000553425064837 0.050421543566895322 -0.0087056197095756651
leaf_weight=38.530127973295748 1.4159344076178961 2.0738591225817791 5.9852356431074432 1.3123301800806073
leaf_count=828 24 31 96 21
internal_value=0.000324599 -0.00258096 0.00288956 0.0499414
internal_weight=49.3175 46.5892 44.5154 2.72826
internal_count=1000 955 924 45
is_linear=0
shrinkage=0.1


Tree=63
num_leaves=7
num_cat=0
split_feature=2 2 2 2 0 1
split_gain=0.621474 3.74483 1.29326 2.61506 2.23397 0.891015
threshold=35.505676076098844 36.445349434150536 28.332263679412581 23.863997721508319 25.091965139067145 6.6556700223854746
decision_type=2 2 2 2 2 2
left_child=2 -2 3 -1 -4 -3
right_child=1 5 4 -5 -6 -7
leaf_value=0.0045608907983122997 -0.17104903563005344 -0.015261886662342168 -0.054825829288904893 -0.1035539552709851 0.1050238312231304 0.10234763064832711
leaf_weight=38.656588429352269 1.379626023583113 1.6154010156169536 1.2512877150438715 2.3746654544956973 2.9018115550279617 1.0714152897708116
leaf_count=618 28 37 75 84 81 77
internal_value=0.0003163 -0.0371285 0.00368621 -0.00169621 0.0568627 0.031637
internal_weight=49.2508 4.06644 45.1844 41.0313 4.1531 2.68682
internal_count=1000 142 858 702 156 114
is_linear=0
shrinkage=0.1


Tree=64
num_leaves=7
num_cat=0
split_feature=0 0 1 1 2 2
split_gain=0.649336 1.66333 1.31127 1.77743 1.19408 0.816951
threshold=4.5369183616215993 1.2162193188665358 1.5879456865536701 1.4510418459982553 6.5196151722428173 4.6925516574174315
decision_type=2 2 2 2 2 2
left_child=1 -1 3 -2 -4 -3
right_child=2 5 4 -5 -6 -7
leaf_value=-0.052297227615541453 -0.00099198091520700106 0.15009678294664178 -0.040545660303618378 -0.12581715570123789 0.0095051082167086683 0.039974521961516157
leaf_weight=1.388092295732348 2.7268144169356665 1.0726331290788951 5.5216655978001645 1.9611949473619459 34.859829470980912 1.8111787810921667
leaf_count=12 202 17 38 16 660 55
internal_value=0.00038135 0.0376428 -0.00315047 -0.0532117 0.00266129 0.0809345
internal_weight=49.3414 4.2719 45.0695 4.68801 40.3815 2.88381
internal_count=1000 84 916 218 698 72
is_linear=0
shrinkage=0.1


Tree=65
num_leaves=7
num_cat=0
split_feature=1 0 0 2 0 2
split_gain=0.647168 0.81175 1.77952 1.07413 0.330205 0.000558766
threshold=1.2970518003594795 3.58021002560888 1.0818259565665767 2.9113930500722502 4.1777335614930653 2.3926662136084547
decision_type=2 2 2 2 2 2
left_child=4 2 -2 -3 -1 -6
right_child=1 3 -4 -5 5 -7
leaf_value=-0.006064509318647591 -0.043461644256985579 0.10087522008242569 0.12653870983896806 -0.0031023934445710429 -0.1003908688251801 -0.10559633453394371
leaf_weight=0.58878530422225483 1.0393286719918244 1.0165567118674506 1.5108477240428326 43.838546820916235 0.59214150719344616 0.31639293767511845
leaf_count=15 7 14 44 739 173 8
internal_value=0.000329727 0.00237422 0.0572548 -0.000745936 -0.0643992 -0.102204
internal_weight=48.9026 47.4053 2.55018 44.8551 1.49732 0.908534
internal_count=1000 804 51 753 196 181
is_linear=0
shrinkage=0.1


Tree=66
num_leaves=6
num_cat=0
split_feature=2 2 2 0 1
split_gain=0.64287 1.01806 0.857045 0.743552 0.0376404
threshold=2.5774848073161198 2.9113930500722502 4.1990848414056838 2.5172226108749181 2.7111912911888072
decision_type=2 2 2 2 2
left_child=3 -2 -3 -1 -5
right_child=1 2 -4 4 -6
leaf_value=0.07073393052601161 0.087100882833571022 -0.049244057140703186 0.003450668969305716 -0.10121268984920262 -0.14824718484589128
leaf_weight=0.2893548565916706 1.3708200976252545 3.3262933306395999 42.818245792528614 0.75632752245292068 0.21953263878822327
leaf_count=10 8 28 766 187 1
internal_value=0.000301826 0.00217511 -0.00034779 -0.0700496 -0.111794
internal_weight=48.7806 47.5154 46.1445 1.26522 0.97586
internal_count=1000 802 794 198 188
is_linear=0
shrinkage=0.1


Tree=67
num_leaves=8
num_cat=0
split_feature=1 1 2 1 2 2 2
split_gain=0.621974 1.61067 2.02412 1.45681 0.963697 1.37689 0.00528576
threshold=6.6556700223854746 4.5724604484129747 16.639189704203805 6.3291481815925446 25.553314358966666 28.770110914273559 21.593209453223036
decision_type=2 2 2 2 2 2 2
left_child=1 2 -1 -3 6 -6 -2
right_child=4 3 -4 -5 5 -7 -8
leaf_value=-0.0067621370032289385 0.10579566837987864 -0.027916883328369609 0.051761337546374908 -0.15507338976558932 -0.1783280947474703 0.031938625729685866 0.11906445117019678
leaf_weight=31.313911364180967 0.72547096433117875 4.8055895073339334 7.2846780186519018 1.1089144460856912 0.35616719303652677 2.4792490610852838 0.51218087086454034
leaf_count=439 32 104 233 12 19 142 19
internal_value=0.000259311 -0.00316322 0.00428295 -0.0517575 0.0376629 0.00552624 0.111287
internal_weight=48.5862 44.5131 38.5986 5.9145 4.07307 2.83542 1.23765
internal_count=1000 788 672 116 212 161 51
is_linear=0
shrinkage=0.1


Tree=68
num_leaves=5
num_cat=0
split_feature=0 0 2 2
split_gain=0.607804 2.62194 1.41926 1.40975
threshold=47.485552482546645 46.148247000960218 38.140780827079205 12.725872647590291
decision_type=2 2 2 2
left_child=1 2 -1 -2
right_child=3 -3 -4 -5
leaf_value=-0.00045016681155938258 -0.033487212303390981 -0.11403732024169309 0.10543487070973399 0.11141015853616978
leaf_weight=42.375429489649832 1.2196523571619757 2.0121734944405025 1.3048611721023906 1.4939142744988201
leaf_count=852 17 28 72 31
internal_value=0.000302306 -0.00242843 0.00271294 0.0462839
internal_weight=48.406 45.6925 43.6803 2.71357
internal_count=1000 952 924 48
is_linear=0
shrinkage=0.1


Tree=69
num_leaves=7
num_cat=0
split_feature=2 1 2 1 1 1
split_gain=0.579179 3.0079 6.32563 1.20602 1.84598 1.51902
threshold=35.505676076098844 5.172922167435706 36.394105357482218 2.7502448985399899 2.9653074721955837 2.0537382286515351
decision_type=2 2 2 2 2 2
left_child=3 -2 -3 5 -5 -1
right_child=1 2 -4 4 -6 -7
leaf_value=0.0088945368048284051 0.10565389548636875 -0.37524901756784013 -0.01347438195282611 0.12686001327791571 0.014138992992715219 -0.039272586401921064
leaf_weight=17.748685651808049 1.0921507431194175 0.61032265890389714 2.3224595130886883 1.6150566912256206 14.46431462978944 10.374245561659334
leaf_count=312 29 11 102 44 394 108
internal_value=0.000309226 -0.0360072 -0.088761 0.0036161 0.025461 -0.00887379
internal_weight=48.2272 4.02493 2.93278 44.2023 16.0794 28.1229
internal_count=1000 142 113 858 438 420
is_linear=0
shrinkage=0.1


Tree=70
num_leaves=7
num_cat=0
split_feature=1 1 2 2 2 2
split_gain=0.581899 1.96859 0.832022 1.1408 0.793267 0.00398013
threshold=6.6556700223854746 6.3291481815925446 25.553314358966666 28.641643391766433 13.785302824183679 21.593209453223036
decision_type=2 2 2 2 2 2
left_child=1 4 5 -4 -1 -2
right_child=2 -3 3 -5 -6 -7
leaf_value=-0.0081848802995660424 0.10519903783814377 -0.12838132786160103 -0.14879302077610032 0.033749927634694137 0.021534411010034706 0.11731370465504848
leaf_weight=30.268773794756271 0.65145780006423526 1.2161244135349978 0.39732044981792602 2.4748386794235557 12.770688931457697 0.46459177695214748
leaf_count=407 32 12 18 143 369 19
internal_value=0.000385089 -0.00291183 0.0369697 0.00849783 0.000633441 0.110242
internal_weight=48.2438 44.2556 3.98821 2.87216 43.0395 1.11605
internal_count=1000 788 212 161 776 51
is_linear=0
shrinkage=0.1


Tree=71
num_leaves=8
num_cat=0
split_feature=0 2 2 0 1 0 0
split_gain=0.561843 2.61865 2.22935 1.98765 3.29233 1.14512 0.815521
threshold=20.814298813125962 10.823187484391211 9.0042053500107251 25.341854799206448 3.7677383538211306 27.822861985755033 1.0818259565665767
decision_type=2 2 2 2 2 2 2
left_child=1 2 -1 4 -2 -5 -3
right_child=3 6 -4 5 -6 -7 -8
leaf_value=0.0098433904349762239 0.0066244404142111581 -0.024973607597560205 -0.11545819727396141 0.054771398925280483 -0.18519383449506935 -0.0057220189403145022 0.10303546540290243
leaf_weight=9.6105545137543213 2.0609500657301392 0.58021160960197349 1.6660812711343158 3.5677179354243007 1.581375917419791 25.45915004145354 3.4989769051317126
leaf_count=139 50 4 15 56 26 440 270
internal_value=0.000391237 0.0161676 -0.00866946 -0.00702427 -0.0766566 0.00171328 0.0848278
internal_weight=48.025 15.3558 11.2766 32.6692 3.64233 29.0269 4.07919
internal_count=1000 428 154 572 76 496 274
is_linear=0
shrinkage=0.1


Tree=72
num_leaves=6
num_cat=0
split_feature=1 1 1 2 1
split_gain=0.564837 0.70724 0.867549 0.287576 1.06618
threshold=1.2970518003594795 1.3836093001089482 1.5879456865536701 2.7149635249948285 1.2395911376607873
decision_type=2 2 2 2 2
left_child=3 -2 -3 4 -1
right_child=1 2 -4 -5 -6
leaf_value=-0.10106128578907692 0.070062399557277083 -0.048785651356995509 0.0039906514918222041 -0.13116081497263202 0.13380293410435851
leaf_weight=0.65728651615790912 1.4908198155462731 3.3654409404844037 41.805300469510257 0.42635445669293404 0.27379827294498682
leaf_count=184 16 28 760 7 5
internal_value=0.00044531 0.00229516 5.85591e-05 -0.0631426 -0.0319962
internal_weight=48.019 46.6616 45.1707 1.35744 0.931085
internal_count=1000 804 788 196 189
is_linear=0
shrinkage=0.1


Tree=73
num_leaves=5
num_cat=0
split_feature=0 0 2 2
split_gain=0.551305 1.8795 1.41988 1.29051
threshold=47.485552482546645 46.148247000960218 10.823187484391211 38.140780827079205
decision_type=2 2 2 2
left_child=1 3 -2 -1
right_child=2 -3 -4 -5
leaf_value=-0.00057297858125306502 -0.038861879544505679 -0.094447564836169784 0.11072050445412879 0.10563544913808652
leaf_weight=41.977006384171546 1.1271575220162042 2.1050064759328952 1.4521248089149592 1.1760969993192691
leaf_count=852 16 28 32 72
internal_value=0.000383579 -0.00217921 0.0453524 0.00232163
internal_weight=47.8374 45.2581 2.57928 43.1531
internal_count=1000 952 48 924
is_linear=0
shrinkage=0.1


Tree=74
num_leaves=7
num_cat=0
split_feature=2 1 1 1 1 0
split_gain=0.610939 2.48427 4.11068 1.04631 2.16531 0.829103
threshold=35.505676076098844 5.172922167435706 5.7309700742149916 6.5020716929525575 13.796607146361039 38.670378784352543
decision_type=2 2 2 2 2 2
left_child=3 -2 -3 5 -5 -1
right_child=1 2 -4 4 -6 -7
leaf_value=-0.008634760364332977 0.10488069123270999 -0.37468823089772862 -0.034932581231493814 0.10725603725435034 -0.14568293285476619 0.023363024336166559
leaf_weight=30.166520788567141 0.93384178262203876 0.41339712496846948 2.5696284791920334 2.1014402541331942 0.40341659868136037 11.069229820626786
leaf_count=565 29 11 102 100 28 165
internal_value=0.000378418 -0.0374577 -0.082017 0.00376655 0.0665193 -4.53488e-05
internal_weight=47.6575 3.91687 2.98303 43.7406 2.50486 41.2358
internal_count=1000 142 113 858 128 730
is_linear=0
shrinkage=0.1


Tree=75
num_leaves=8
num_cat=0
split_feature=0 2 2 1 0 2 2
split_gain=0.534458 1.71228 3.40373 1.48673 3.72125 2.21672 0.979673
threshold=19.033070136436205 10.823187484391211 9.3560826410275588 1.4510418459982553 27.028808497867256 7.4806416948418786 36.394105357482218
decision_type=2 2 2 2 2 2 2
left_child=1 2 -1 4 -2 -5 -3
right_child=3 6 -4 5 -6 -7 -8
leaf_value=0.020685805289506913 0.22196675985314263 0.10498012160115713 -0.14378797177305827 -0.066458844596591682 -0.10357161807768381 0.0015162949622993989 -0.040030754031108451
leaf_weight=8.7879941554274392 0.88164606876671203 2.7188361235894258 1.4684887900948513 5.8440740732476106 0.58356683934107423 26.787834332324564 0.56222691386938084
leaf_count=129 37 203 12 45 94 432 48
internal_value=0.000441613 0.0172522 -0.002863 -0.0062327 0.0923109 -0.0106574 0.0801318
internal_weight=47.6347 13.5375 10.2565 34.0971 1.46521 32.6319 3.28106
internal_count=1000 392 141 608 131 477 251
is_linear=0
shrinkage=0.1


Tree=76
num_leaves=6
num_cat=0
split_feature=1 1 1 2 1
split_gain=0.495901 1.13959 1.03296 0.250934 0.913148
threshold=1.2970518003594795 1.3430074146875914 1.5879456865536701 2.7149635249948285 1.2395911376607873
decision_type=2 2 2 2 2
left_child=3 -2 -3 4 -1
right_child=1 2 -4 -5 -6
leaf_value=-0.10096744463896981 0.095239474212942321 -0.051759721798989793 0.0039245182366899377 -0.12913556404792159 0.12012279466858544
leaf_weight=0.59878759866114595 1.27683312492445 3.6235816697590044 41.305772008374333 0.38288832269608974 0.27152007631957531
leaf_count=184 12 32 760 7 5
internal_value=0.000397557 0.00208099 -0.000566452 -0.0616718 -0.0319913
internal_weight=47.4594 46.2062 44.9294 1.2532 0.870308
internal_count=1000 804 792 196 189
is_linear=0
shrinkage=0.1


Tree=77
num_leaves=7
num_cat=0
split_feature=2 2 1 2 2 0
split_gain=0.474348 2.11633 0.985065 0.933124 2.35315 2.12283
threshold=35.505676076098844 36.445349434150536 5.2106362652200415 28.332263679412581 23.863997721508319 25.091965139067145
decision_type=2 2 2 2 2 2
left_child=3 -2 -3 4 -1 -5
right_child=1 2 -4 5 -6 -7
leaf_value=0.0052027316537006157 -0.12193502721688187 -0.10031887395075777 0.058405815157999121 -0.057057395728218954 -0.095649291457084215 0.10468342834879879
leaf_weight=37.104784872964956 1.5961501710116852 0.48999425861984525 1.9353243892546741 1.2083059640135609 2.4674082710407665 2.4708506101742387
leaf_count=618 28 18 96 75 84 81
internal_value=0.000338601 -0.0325125 0.0263382 0.00339307 -0.0010856 0.0515646
internal_weight=47.2728 4.02147 2.42532 43.2513 39.5722 3.67916
internal_count=1000 142 114 858 702 156
is_linear=0
shrinkage=0.1


Tree=78
num_leaves=8
num_cat=0
split_feature=0 2 2 1 0 2 2
split_gain=0.494244 1.6297 2.5964 1.17927 2.41634 1.48194 0.862362
threshold=19.033070136436205 10.823187484391211 9.3560826410275588 1.8745977312648032 46.795414276012451 7.4806416948418786 36.394105357482218
decision_type=2 2 2 2 2 2 2
left_child=1 2 -1 5 -5 -2 -3
right_child=3 6 -4 4 -6 -7 -8
leaf_value=0.018825455593806866 -0.019755058550817203 0.10486649008948844 -0.12032708703482771 -0.02544892498615527 0.07326540318319627 0.07386575004531995 -0.031012953693584797
leaf_weight=8.7356618086341751 3.1102678786264724 2.5473101802635933 1.5840129423886526 24.348961935844276 2.7608602084219447 3.7046616822481155 0.57194034662097681
leaf_count=129 151 203 12 393 46 18 48
internal_value=0.000381469 0.0166117 -0.00253369 -0.00604795 -0.0153959 0.0311381 0.0799519
internal_weight=47.3637 13.4389 10.3197 33.9248 27.1098 6.81493 3.11925
internal_count=1000 392 141 608 439 169 251
is_linear=0
shrinkage=0.1


Tree=79
num_leaves=8
num_cat=0
split_feature=1 1 2 2 1 0 1
split_gain=0.504508 2.09743 2.48179 2.27629 1.45899 2.6828 1.26101
threshold=2.7111912911888072 3.7677383538211306 5.3309388563318336 5.4961168869488883 2.2630665643569583 32.758695784398007 2.1564359898812664
decision_type=2 2 2 2 2 2 2
left_child=4 2 -2 -3 6 -6 -1
right_child=1 3 -4 -5 5 -7 -8
leaf_value=-0.0078772254610733061 -0.09149866447895999 0.14755329726816666 0.086529799493140991 -0.019990422022267487 0.022338910427777917 -0.13356264590472763 0.058813276779551109
leaf_weight=19.686200280091732 0.91747531294822948 0.86556209623813529 5.3441852498799562 12.841887385817243 2.067060832399874 2.3686040192842484 3.3122868351638308
leaf_count=328 4 4 168 408 37 23 28
internal_value=0.000401617 0.0124936 0.0604446 -0.00941081 -0.00840002 -0.0609111 0.00172767
internal_weight=47.4033 19.9691 6.26166 13.7074 27.4342 4.43566 22.9985
internal_count=1000 584 172 412 416 60 356
is_linear=0
shrinkage=0.1


Tree=80
num_leaves=7
num_cat=0
split_feature=1 1 1 2 2 2
split_gain=0.472862 2.53501 1.43222 0.698944 1.13753 0.00200106
threshold=6.6556700223854746 6.4327259012916596 6.1318754527855566 25.553314358966666 28.332263679412581 21.95470856910331
decision_type=2 2 2 2 2 2
left_child=1 2 -1 5 -5 -2
right_child=3 -3 -4 4 -6 -7
leaf_value=-0.0017744198348776906 0.10435584727070113 -0.15473770599806336 0.11043026588864069 -0.1475366027916146 0.035238212165834192 0.11369641730141683
leaf_weight=41.260332537232898 0.58389563416130785 1.067089034244417 1.1698511634021986 0.39728393126279149 2.3827102868817747 0.37773258378729224
leaf_count=760 34 8 20 14 147 17
internal_value=0.000425141 -0.00250924 0.0013192 0.034538 0.00911819 0.108025
internal_weight=47.2389 43.4973 42.4302 3.74162 2.77999 0.961628
internal_count=1000 788 780 212 161 51
is_linear=0
shrinkage=0.1


Tree=81
num_leaves=5
num_cat=0
split_feature=0 0 1 0
split_gain=0.447595 1.62717 0.711209 0.0568463
threshold=1.2162193188665358 3.58021002560888 7.1410188059785185 2.3208612185669852
decision_type=2 2 2 2
left_child=-1 3 -3 -2
right_child=1 2 -4 -5
leaf_value=-0.058248871099823886 0.087458514629948234 -0.0039865938010761846 0.055377179704013402 0.12987892058886236
leaf_weight=1.2649485394358624 0.5399476725142438 42.478150602662936 2.1188184591010204 0.76132185221649706
leaf_count=12 28 770 166 24
internal_value=0.000432793 0.00205005 -0.0011662 0.112277
internal_weight=47.1632 45.8982 44.597 1.30127
internal_count=1000 988 936 52
is_linear=0
shrinkage=0.1


Tree=82
num_leaves=6
num_cat=0
split_feature=2 2 2 0 1
split_gain=0.429492 0.693769 0.734038 0.616664 0.0140291
threshold=2.5774848073161198 2.9113930500722502 4.1990848414056838 2.5172226108749181 2.7111912911888072
decision_type=2 2 2 2 2
left_child=3 -2 -3 -1 -5
right_child=1 2 -4 4 -6
leaf_value=0.06559901593909899 0.072599797057815385 -0.046368021598926501 0.003285341147470098 -0.10098929271220865 -0.1325390634270103
leaf_weight=0.27576761180534848 1.3454552255570877 3.2077654451131812 41.438327514566481 0.58944049896672368 0.18523253500461578
leaf_count=10 8 28 766 187 1
internal_value=0.000405881 0.00184993 -0.00028219 -0.062819 -0.108533
internal_weight=47.042 45.9915 44.6461 1.05044 0.774673
internal_count=1000 802 794 198 188
is_linear=0
shrinkage=0.1


Tree=83
num_leaves=6
num_cat=0
split_feature=1 1 1 2 1
split_gain=0.435752 0.925616 0.942461 0.223093 0.757339
threshold=1.2970518003594795 1.3430074146875914 1.5879456865536701 2.7149635249948285 1.2395911376607873
decision_type=2 2 2 2 2
left_child=3 -2 -3 4 -1
right_child=1 2 -4 -5 -6
leaf_value=-0.10100928342611933 0.084158123762231779 -0.050665319540410536 0.0036452871368243081 -0.12753139821637141 0.10894902012108557
leaf_weight=0.51706379198003449 1.3272018884308625 3.465546613559126 40.9542851021979 0.34916065447032452 0.25728674791753292
leaf_count=184 12 32 760 7 5
internal_value=0.000355786 0.00186683 -0.000591918 -0.0611708 -0.0312483
internal_weight=46.8705 45.747 44.4198 1.12351 0.774351
internal_count=1000 804 792 196 189
is_linear=0
shrinkage=0.1


Tree=84
num_leaves=5
num_cat=0
split_feature=0 2 0 0
split_gain=0.38172 2.18532 1.60629 1.23139
threshold=47.485552482546645 10.602916811186782 46.148247000960218 41.198833229784761
decision_type=2 2 2 2
left_child=2 -2 3 -1
right_child=1 -3 -4 -5
leaf_value=-0.0041074040739927792 -0.085565065544791957 0.11472778486078866 -0.086723131458291788 0.046638896075162049
leaf_weight=36.755009531625547 0.87038200895767603 1.4559462387114761 2.1192217487841836 5.496900442056357
leaf_count=828 15 33 28 96
internal_value=0.000303643 0.0397894 -0.00176655 0.0024946
internal_weight=46.6975 2.32633 44.3711 42.2519
internal_count=1000 48 952 924
is_linear=0
shrinkage=0.1


Tree=85
num_leaves=7
num_cat=0
split_feature=0 0 2 0 1 1
split_gain=0.415658 2.92848 2.62991 1.90592 1.76901 0.958113
threshold=33.780186586202198 38.670378784352543 6.8725575488722734 33.111034944845137 2.0939969683453703 5.7309700742149916
decision_type=2 2 2 2 2 2
left_child=3 4 -3 5 -2 -1
right_child=1 2 -4 -5 -6 -7
leaf_value=-0.0043513220980802162 -0.1742042507135278 -0.11747623623658424 0.028461690564884391 0.13001339565587927 -0.038407243000272324 0.053740291460094562
leaf_weight=25.218089009984404 1.4258415215881566 1.3884643986821164 11.159121321514247 1.2164097209461022 2.9317061463370919 3.1993583559524259
leaf_count=504 27 55 169 16 57 172
internal_value=0.000297846 -0.0122147 0.0123128 0.00743582 -0.0828416 0.00218888
internal_weight=46.539 16.9051 12.5476 29.6339 4.35755 28.4174
internal_count=1000 308 224 692 84 676
is_linear=0
shrinkage=0.1


Tree=86
num_leaves=7
num_cat=0
split_feature=2 2 1 2 1 1
split_gain=0.408309 3.86577 2.93409 2.65832 0.767774 0.000496019
threshold=23.863997721508319 25.899536524410838 4.4593952978000182 18.883388577617627 4.0347217588516262 2.6422402087509966
decision_type=2 2 2 2 2 2
left_child=3 -2 -3 4 -1 -5
right_child=1 2 -4 5 -6 -7
leaf_value=-0.0070940475855267044 -0.21035706708959589 0.10375142179214024 -0.02947143333003599 0.1064141126341852 0.044357996018630802 0.10340019410075735
leaf_weight=30.413057541358285 0.94238904304802318 2.1737510759849084 6.9029136488679796 0.8008931335061783 3.2059201928786925 1.7161017311736939
leaf_count=456 36 97 249 18 50 94
internal_value=0.000281246 -0.0175812 0.00243382 0.00523379 -0.00218756 0.104359
internal_weight=46.155 10.0191 9.07666 36.136 33.619 2.51699
internal_count=1000 382 346 618 506 112
is_linear=0
shrinkage=0.1


Tree=87
num_leaves=7
num_cat=0
split_feature=0 0 0 0 0 1
split_gain=0.412515 2.21134 1.57298 1.46046 1.05092 0.586972
threshold=12.519656692196049 10.360139226390173 14.73550218287137 19.033070136436205 9.2644988011739482 2.0939969683453703
decision_type=2 2 2 2 2 2
left_child=1 4 5 -4 -1 -2
right_child=2 -3 3 -5 -6 -7
leaf_value=0.013597636586474577 -0.027794396482237554 0.14628139963087194 0.076604796492141303 -0.0054326522515416769 -0.09943261971660583 -0.15393645554384297
leaf_weight=6.9768312876112741 0.61541027249768265 1.1938236386049537 2.3225195861887178 33.052071643178351 0.93253402807749797 0.92089793574996293
leaf_count=200 13 36 84 608 24 35
internal_value=0.000353572 0.0194194 -0.00434855 -4.64817e-05 0.000271086 -0.103407
internal_weight=46.0141 9.10319 36.9109 35.3746 7.90937 1.53631
internal_count=1000 260 740 692 224 48
is_linear=0
shrinkage=0.1


Tree=88
num_leaves=7
num_cat=0
split_feature=1 2 0 0 0 0
split_gain=0.391853 1.84142 1.5809 3.50025 1.51392 0.883531
threshold=1.8745977312648032 7.4806416948418786 46.795414276012451 44.909568943171131 27.028808497867256 48.509769802023435
decision_type=2 2 2 2 2 2
left_child=1 4 3 -2 -1 -4
right_child=2 -3 5 -5 -6 -7
leaf_value=0.0056080716432430101 -0.0015396357154094553 0.06326406327114252 0.12166206760392501 -0.12509257755494332 -0.11005915107716779 0.0012970604224249104
leaf_weight=6.2867966368794423 28.428533282363791 4.9019606336951256 1.4521643370389932 2.4941053232178083 1.3799475603154858 1.0513843353837726
leaf_count=148 639 27 27 31 109 19
internal_value=0.000342914 0.0153953 -0.00531699 -0.011505 -0.015211 0.0711139
internal_weight=45.9949 12.5687 33.4262 30.9226 7.66674 2.50355
internal_count=1000 284 716 670 257 46
is_linear=0
shrinkage=0.1


Tree=89
num_leaves=7
num_cat=0
split_feature=1 1 1 2 2 2
split_gain=0.368025 1.7925 1.208 0.648721 1.39075 0.00318911
threshold=6.6556700223854746 6.4327259012916596 6.1318754527855566 25.553314358966666 28.179239193933551 21.95470856910331
decision_type=2 2 2 2 2 2
left_child=1 2 -1 5 -5 -2
right_child=3 -3 -4 4 -6 -7
leaf_value=-0.0015232765582980843 0.103496297744371 -0.12465207472487415 0.10867716065317273 -0.1763127337206421 0.035638873028916572 0.11603393163679637
leaf_weight=40.160433213924989 0.46664721122942809 1.1635817401111115 1.0199783286079753 0.35665941331535611 2.3453723825514317 0.35892629064619541
leaf_count=760 34 8 20 12 149 17
internal_value=0.000333033 -0.00225227 0.00120623 0.031366 0.00766195 0.108947
internal_weight=45.8716 42.344 41.1804 3.52761 2.70203 0.825574
internal_count=1000 788 780 212 161 51
is_linear=0
shrinkage=0.1


Tree=90
num_leaves=5
num_cat=0
split_feature=0 0 1 0
split_gain=0.359747 1.44058 0.580873 0.0592095
threshold=1.2162193188665358 3.58021002560888 6.6556700223854746 2.3208612185669852
decision_type=2 2 2 2
left_child=-1 3 -3 -2
right_child=1 2 -4 -5
leaf_value=-0.051930327132129861 0.083050181656652178 -0.0043124045688180132 0.041482974093175841 0.12781296153119684
leaf_weight=1.2796933264471579 0.50612920080311485 40.331616494164336 2.9739643703214815 0.71006796299479902
leaf_count=12 28 740 196 24
internal_value=0.000344481 0.00184702 -0.00116746 0.109185
internal_weight=45.8015 44.5218 43.3056 1.2162
internal_count=1000 988 936 52
is_linear=0
shrinkage=0.1


Tree=91
num_leaves=6
num_cat=0
split_feature=1 1 1 2 1
split_gain=0.34676 0.81477 0.814856 0.193261 0.665378
threshold=1.2970518003594795 1.3430074146875914 1.5879456865536701 2.7149635249948285 1.2395911376607873
decision_type=2 2 2 2 2
left_child=3 -2 -3 4 -1
right_child=1 2 -4 -5 -6
leaf_value=-0.10095645563002108 0.07835589838095687 -0.048732922908381562 0.0031749034902258141 -0.12430802579466926 0.10194866234533027
leaf_weight=0.45523733366280683 1.3425868097692717 3.271146851591765 40.065548505401239 0.30385738564655185 0.25057166768237948
leaf_count=184 12 32 760 7 5
internal_value=0.000324054 0.00163367 -0.000743211 -0.0576286 -0.0289224
internal_weight=45.6889 44.6793 43.3367 1.00967 0.705809
internal_count=1000 804 792 196 189
is_linear=0
shrinkage=0.1


Tree=92
num_leaves=8
num_cat=0
split_feature=1 2 0 0 0 0 0
split_gain=0.35413 1.58544 1.34755 2.6534 1.16569 0.798801 0.157398
threshold=1.8745977312648032 5.9703909900106131 46.795414276012451 44.909568943171131 4.1777335614930653 48.509769802023435 27.229439747262496
decision_type=2 2 2 2 2 2 2
left_child=1 4 3 -2 -1 -4 -3
right_child=2 6 5 -5 -6 -7 -8
leaf_value=0.037142403295520036 -0.001744269314990889 0.031200548607989133 0.11865459395605449 -0.10690291409629149 -0.059427527288407313 0.0023320950684278916 0.061751765688111138
leaf_weight=1.9355394337326268 28.296511327032935 3.2181910872459412 1.3351985109038644 2.6217697048559776 3.5289900701027364 1.0582547625526784 3.5426990799605846
leaf_count=22 639 21 27 31 220 19 21
internal_value=0.000276972 0.0148337 -0.00506537 -0.0106614 -0.0252224 0.0672231 0.0472094
internal_weight=45.5372 12.2254 33.3117 30.9183 5.46453 2.39345 6.76089
internal_count=1000 284 716 670 242 46 42
is_linear=0
shrinkage=0.1


Tree=93
num_leaves=7
num_cat=0
split_feature=2 0 2 1 2 0
split_gain=0.356514 1.33683 1.20741 3.63101 0.745062 0.00302095
threshold=38.140780827079205 45.367455777467264 35.505676076098844 5.172922167435706 30.93644871307356 36.342247685334172
decision_type=2 2 2 2 2 2
left_child=2 5 4 -4 -1 -2
right_child=1 -3 3 -5 -6 -7
leaf_value=-0.00026513336227911239 0.10376047564043103 -0.11276478834444287 0.10522523042183141 -0.14863865411351859 0.061270489056519453 0.11581867519038772
leaf_weight=39.335222054505721 0.77134124026633688 0.37512184586375941 0.82785550225526039 1.7637944801244883 2.0712157178204498 0.284364378079772
leaf_count=762 60 8 25 39 96 10
internal_value=0.000266074 0.0493902 -0.00133145 -0.0675464 0.00281298 0.107008
internal_weight=45.4289 1.43083 43.9981 2.59165 41.4064 1.05571
internal_count=1000 78 922 64 858 70
is_linear=0
shrinkage=0.1


Tree=94
num_leaves=7
num_cat=0
split_feature=0 0 2 0 0 0
split_gain=0.349732 3.2594 2.35919 1.99156 1.80422 0.390981
threshold=41.198833229784761 40.594699053211947 7.3491193446169287 38.878845891389105 45.489831344457166 46.148247000960218
decision_type=2 2 2 2 2 2
left_child=1 3 5 -1 -4 -2
right_child=2 -3 4 -5 -6 -7
leaf_value=-0.0044975114807259469 -0.14947183554263457 -0.18529287480034926 0.087457638215867994 0.10838627739841854 -0.0081801553068640565 -0.048882436672388542
leaf_weight=33.275873347651213 0.7153186600189636 0.96721886546583746 3.9424045449122787 1.6399174182442937 3.9478424722328782 0.84038613375741988
leaf_count=780 21 16 66 32 61 24
internal_value=0.000294877 -0.00421182 0.0174148 0.00080439 0.0396058 -0.0951338
internal_weight=45.329 35.883 9.44595 34.9158 7.89025 1.5557
internal_count=1000 828 172 812 127 45
is_linear=0
shrinkage=0.1


Tree=95
num_leaves=7
num_cat=0
split_feature=0 0 0 2 0 2
split_gain=0.334263 1.97841 1.27199 1.7571 1.23118 0.944715
threshold=12.519656692196049 10.360139226390173 14.73550218287137 8.676144024746792 19.033070136436205 10.823187484391211
decision_type=2 2 2 2 2 2
left_child=1 5 3 -2 -4 -1
right_child=2 -3 4 -5 -6 -7
leaf_value=-0.019330699640000875 -0.20404399287100394 0.14153843653345541 0.072019955141537292 0.0080495447995207504 -0.0048713626093709675 0.064680040047569706
leaf_weight=5.9351589533034694 0.73971064388751873 1.1266317337285725 2.224686049623414 0.8276563654653728 32.560236933437409 1.7283240172546355
leaf_count=87 13 36 84 35 608 137
internal_value=0.000306957 0.0178063 -0.00392443 -0.0920469 4.62576e-05 -0.000383991
internal_weight=45.1424 8.79011 36.3523 1.56737 34.7849 7.66348
internal_count=1000 260 740 48 692 224
is_linear=0
shrinkage=0.1


Tree=96
num_leaves=6
num_cat=0
split_feature=1 1 1 1 1
split_gain=0.339341 2.92855 1.67764 1.50149 1.1086
threshold=2.0166851782030797 2.1564359898812664 2.1999729534954304 1.9455617640412406 1.8745977312648032
decision_type=2 2 2 2 2
left_child=3 -2 -3 4 -1
right_child=1 2 -4 -5 -6
leaf_value=0.014443825629997256 -0.10401663651788212 0.11123199207301809 -0.001796434554998162 0.10634847468531677 -0.060125283024123857
leaf_weight=11.967850140208609 2.7657256331294802 1.3861740026623035 24.936303007416427 1.5261342637240876 2.3921959400176993
leaf_count=284 20 12 660 12 12
internal_value=0.000289968 -0.00612932 0.00415578 0.0120439 0.00202159
internal_weight=44.9744 29.0882 26.3225 15.8862 14.36
internal_count=1000 692 672 308 296
is_linear=0
shrinkage=0.1


Tree=97
num_leaves=7
num_cat=0
split_feature=0 0 2 0 0 0
split_gain=0.318016 2.28672 2.01076 1.70357 1.63102 0.357252
threshold=41.198833229784761 40.594699053211947 7.3491193446169287 38.878845891389105 45.489831344457166 46.148247000960218
decision_type=2 2 2 2 2 2
left_child=1 3 5 -1 -4 -2
right_child=2 -3 4 -5 -6 -7
leaf_value=-0.0043546482405084274 -0.14441576853181889 -0.14801993984565542 0.084247299094992553 0.10242846785751061 -0.0075504718282105761 -0.045908695013900019
leaf_weight=33.192914129293058 0.65970529802143374 1.0692643484217104 3.7852808125317097 1.5644327051704738 3.9607149488292634 0.83308299060445279
leaf_count=780 21 16 66 32 61 24
internal_value=0.000286325 -0.00397954 0.0168287 0.000451674 0.0373089 -0.0894418
internal_weight=45.0654 35.8266 9.23878 34.7573 7.746 1.49279
internal_count=1000 828 172 812 127 45
is_linear=0
shrinkage=0.1


Tree=98
num_leaves=8
num_cat=0
split_feature=1 1 2 2 1 1 2
split_gain=0.31427 2.14232 1.95328 1.78226 1.35656 1.94316 1.44919
threshold=2.7111912911888072 3.7677383538211306 8.676144024746792 5.4961168869488883 2.0537382286515351 2.1564359898812664 11.713264109130998
decision_type=2 2 2 2 2 2 2
left_child=4 2 -2 -3 6 -6 -1
right_child=1 3 -4 -5 5 -7 -8
leaf_value=0.0029608461953780974 -0.016553997067268806 0.13661341370478616 0.10541346269095141 -0.021310891745957447 -0.11902153661149005 -0.012177355390147497 0.12477538475685848
leaf_weight=15.400452444417175 2.0551489330828216 0.75867176055908103 3.636214841157198 12.306202443316577 2.2037589531391841 7.4788018055260181 1.0427474137395609
leaf_count=303 11 4 161 408 16 88 9
internal_value=0.00028997 0.0101659 0.0613711 -0.0121403 -0.00680016 -0.0364952 0.0106857
internal_weight=44.882 18.7562 5.69136 13.0649 26.1258 9.68256 16.4432
internal_count=1000 584 172 412 416 104 312
is_linear=0
shrinkage=0.1


Tree=99
num_leaves=7
num_cat=0
split_feature=2 0 2 1 1 0
split_gain=0.334072 1.35996 0.760852 2.52081 0.70067 0.00191039
threshold=38.140780827079205 46.546260704166919 35.505676076098844 5.172922167435706 6.5020716929525575 36.342247685334172
decision_type=2 2 2 2 2 2
left_child=2 5 4 -4 -1 -2
right_child=1 -3 3 -5 -6 -7
leaf_value=-0.00081788393335153618 0.10355395381902975 -0.12441572540157858 0.10474702069452722 -0.11063398174858441 0.058481285210286629 0.11292656162130743
leaf_weight=38.540319953259313 0.71398383378982433 0.33970013260841359 0.74604481086134855 2.0006404742598534 2.1012182253180063 0.31272155744954944
leaf_count=730 60 5 25 39 128 13
internal_value=0.000338601 0.0490238 -0.00119462 -0.052133 0.00224796 0.106409
internal_weight=44.7546 1.36641 43.3882 2.74669 40.6415 1.02671
internal_count=1000 78 922 64 858 73
is_linear=0
shrinkage=0.1


end of trees

feature_importances:
distance_km=226
remaining_stock=189
stock_ratio=179

parameters:
[boosting: gbdt]
[objective: binary]
[metric: binary_logloss]
[tree_learner: serial]
[device_type: cpu]
[data_sample_strategy: bagging]
[data: ]
[valid: ]
[num_iterations: 100]
[learning_rate: 0.1]
[num_leaves: 31]
[num_threads: 2]
[seed: 42]
[deterministic: 0]
[force_col_wise: 0]
[force_row_wise: 0]
[histogram_pool_size: -1]
[max_depth: 3]
[min_data_in_leaf: 20]
[min_sum_hessian_in_leaf: 0.001]
[bagging_fraction: 1]
[pos_bagging_fraction: 1]
[neg_bagging_fraction: 1]
[bagging_freq: 0]
[bagging_seed: 400]
[bagging_by_query: 0]
[feature_fraction: 1]
[feature_fraction_bynode: 1]
[feature_fraction_seed: 30056]
[extra_trees: 0]
[extra_seed: 12879]
[early_stopping_round: 0]
[early_stopping_min_delta: 0]
[first_metric_only: 0]
[max_delta_step: 0]
[lambda_l1: 0]
[lambda_l2: 0]
[linear_lambda: 0]
[min_gain_to_split: 0]
[drop_rate: 0.1]
[max_drop: 50]
[skip_drop: 0.5]
[xgboost_dart_mode: 0]
[uniform_drop: 0]
[drop_seed: 17869]
[top_rate: 0.2]
[other_rate: 0.1]
[min_data_per_group: 100]
[max_cat_threshold: 32]
[cat_l2: 10]
[cat_smooth: 10]
[max_cat_to_onehot: 4]
[top_k: 20]
[monotone_constraints: ]
[monotone_constraints_method: basic]
[monotone_penalty: 0]
[feature_contri: ]
[forcedsplits_filename: ]
[refit_decay_rate: 0.9]
[cegb_tradeoff: 1]
[cegb_penalty_split: 0]
[cegb_penalty_feature_lazy: ]
[cegb_penalty_feature_coupled: ]
[path_smooth: 0]
[interaction_constraints: ]
[verbosity: 1]
[saved_feature_importance_type: 0]
[use_quantized_grad: 0]
[num_grad_quant_bins: 4]
[quant_train_renew_leaf: 0]
[stochastic_rounding: 1]
[linear_tree: 0]
[max_bin: 255]
[max_bin_by_feature: ]
[min_data_in_bin: 3]
[bin_construct_sample_cnt: 200000]
[data_random_seed: 175]
[is_enable_sparse: 1]
[enable_bundle: 1]
[use_missing: 1]
[zero_as_missing: 0]
[feature_pre_filter: 1]
[pre_partition: 0]
[two_round: 0]
[header: 0]
[label_column: ]
[weight_column: ]
[group_column: ]
[ignore_column: ]
[categorical_feature: ]
[forcedbins_filename: ]
[precise_float_parser: 0]
[parser_config_file: ]
[objective_seed: 16083]
[num_class: 1]
[is_unbalance: 0]
[scale_pos_weight: 1]
[sigmoid: 1]
[boost_from_average: 1]
[reg_sqrt: 0]
[alpha: 0.9]
[fair_c: 1]
[poisson_max_delta_step: 0.7]
[tweedie_variance_power: 1.5]
[lambdarank_truncation_level: 30]
[lambdarank_norm: 1]
[label_gain: ]
[lambdarank_position_bias_regularization: 0]
[eval_at: ]
[multi_error_top_k: 1]
[auc_mu_weights: ]
[num_machines: 1]
[local_listen_port: 12400]
[time_out: 120]
[machine_list_filename: ]
[machines: ]
[gpu_platform_id: -1]
[gpu_device_id: -1]
[gpu_device_id_list: ]
[gpu_use_dp: 0]
[num_gpu: 1]

end of parameters

pandas_categorical:[]
